행정구역,2020년01월_총인구수,2020년01월_남자 인구수,2020년01월_여자 인구수,2020년02월_총인구수,2020년02월_남자 인구수,2020년02월_여자 인구수,2020년03월_총인구수,2020년03월_남자 인구수,2020년03월_여자 인구수,2020년04월_총인구수,2020년04월_남자 인구수,2020년04월_여자 인구수,2020년05월_총인구수,2020년05월_남자 인구수,2020년05월_여자 인구수,2020년06월_총인구수,2020년06월_남자 인구수,2020년06월_여자 인구수,2020년07월_총인구수,2020년07월_남자 인구수,2020년07월_여자 인구수,2020년08월_총인구수,2020년08월_남자 인구수,2020년08월_여자 인구수,2020년09월_총인구수,2020년09월_남자 인구수,2020년09월_여자 인구수,2020년10월_총인구수,2020년10월_남자 인구수,2020년10월_여자 인구수,2020년11월_총인구수,2020년11월_남자 인구수,2020년11월_여자 인구수,2020년12월_총인구수,2020년12월_남자 인구수,2020년12월_여자 인구수,위도,경도
서울특별시 종로구,151215,73688,77527,151309,73729,77580,151217,73704,77513,150936,73563,77373,150623,73407,77216,150383,73288,77095,150183,73214,76969,149962,73062,76900,149952,73024,76928,149703,72847,76856,149549,72741,76808,149384,72635,76749,37.57364689,126.978984
서울특별시 중구,126201,61946,64255,126259,61964,64295,126175,61839,64336,126126,61770,64356,126120,61747,64373,126092,61697,64395,125970,61644,64326,125990,61651,64339,125800,61526,64274,125641,61432,64209,125505,61363,64142,125240,61222,64018,37.5639284,126.9975517
서울특별시 용산구,229385,110701,118684,229677,110773,118904,229579,110667,118912,229369,110604,118765,229393,110537,118856,229431,110527,118904,229432,110438,118994,229362,110403,118959,229786,110604,119182,230044,110754,119290,230151,110776,119375,230040,110722,119318,37.53253057,126.9907138
서울특별시 성동구,300410,147020,153390,299797,146688,153109,299042,146300,152742,298249,145833,152416,297820,145567,152253,297397,145258,152139,296896,145030,151866,296183,144701,151482,295591,144444,151147,294895,144059,150836,294272,143745,150527,293556,143387,150169,37.56361329,127.0369234
서울특별시 광진구,351263,170164,181099,351032,170000,181032,350417,169568,180849,350016,169213,180803,349800,169049,180751,349574,168879,180695,349258,168766,180492,348647,168472,180175,348064,168095,179969,347615,167794,179821,347285,167626,179659,346682,167310,179372,37.53857836,127.0821862
서울특별시 동대문구,346080,171964,174116,346072,171835,174237,346156,171896,174260,345793,171621,174172,345815,171565,174250,345593,171392,174201,345156,171134,174022,344650,170926,173724,344416,170748,173668,343819,170320,173499,343377,170088,173289,342837,169769,173068,37.57441406,127.0398434
서울특별시 중랑구,396755,196803,199952,396314,196483,199831,395619,196076,199543,395072,195784,199288,394982,195693,199289,394414,195349,199065,394293,195227,199066,395788,195931,199857,395997,195981,200016,395572,195718,199854,395194,195469,199725,394702,195165,199537,37.60648307,127.0931308
서울특별시 성북구,442471,214247,228224,442483,214078,228405,442494,213926,228568,442174,213743,228431,442148,213614,228534,441812,213431,228381,441188,213033,228155,440395,212559,227836,439719,212151,227568,438973,211780,227193,438051,211289,226762,437153,210810,226343,37.58960402,127.0167645
서울특별시 강북구,313705,153058,160647,313289,152857,160432,312985,152747,160238,312691,152594,160097,312270,152333,159937,311773,152028,159745,311198,151707,159491,310555,151376,159179,309996,151117,158879,309245,150744,158501,308569,150423,158146,308055,150143,157912,37.6399466,127.0255077
서울특별시 도봉구,332753,162701,170052,332083,162327,169756,331238,161879,169359,330707,161581,169126,330149,161195,168954,329560,160855,168705,328822,160465,168357,328014,160089,167925,327248,159723,167525,326617,159356,167261,326082,159076,167006,325257,158620,166637,37.66898579,127.0470495
서울특별시 노원구,532662,257746,274916,531840,257265,274575,531037,256726,274311,530302,256344,273958,529617,256045,273572,528887,255624,273263,527981,255127,272854,526718,254463,272255,525486,253797,271689,524515,253219,271296,523708,252792,270916,523037,252383,270654,37.65423107,127.0565938
서울특별시 은평구,479457,231171,248286,479005,230767,248238,478019,230147,247872,477973,230057,247916,478029,230062,247967,479524,230640,248884,481184,231384,249800,481729,231508,250221,481546,231364,250182,481165,231163,250002,480617,230763,249854,479835,230279,249556,37.60291898,126.929256
서울특별시 서대문구,310353,149114,161239,311327,149432,161895,312642,150051,162591,312809,150069,162740,312869,150058,162811,312720,149920,162800,312264,149674,162590,312632,149803,162829,313212,149993,163219,312781,149791,162990,312325,149505,162820,312173,149360,162813,37.57943924,126.9365268
서울특별시 마포구,373951,176782,197169,374315,176889,197426,374570,176943,197627,374426,176856,197570,374837,176985,197852,374390,176664,197726,374036,176437,197599,373620,176174,197446,373508,176011,197497,372905,175699,197206,372320,175423,196897,371890,175150,196740,37.56628642,126.9014899
서울특별시 양천구,457887,224995,232892,457332,224702,232630,456339,224241,232098,457132,224563,232569,458181,225084,233097,457953,224908,233045,457543,224608,232935,456980,224271,232709,456240,223889,232351,455649,223601,232048,455058,223217,231841,454251,222824,231427,37.51714651,126.8665429
서울특별시 강서구,591599,286309,305290,590419,285619,304800,589302,285085,304217,588281,284543,303738,587553,284115,303438,586936,283697,303239,586279,283343,302936,584920,282647,302273,583544,281951,301593,582586,281422,301164,581909,281033,300876,580185,280034,300151,37.55110585,126.8495849
서울특별시 구로구,406751,201065,205686,406245,200854,205391,405837,200558,205279,405271,200239,205032,405030,200098,204932,405075,200098,204977,405260,200163,205097,405495,200251,205244,405579,200268,205311,405481,200195,205286,405194,200063,205131,404408,199673,204735,37.49570011,126.8876391
서울특별시 금천구,233066,118299,114767,232827,118145,114682,232583,118044,114539,232396,117935,114461,232425,117899,114526,232250,117762,114488,231939,117567,114372,232013,117497,114516,232157,117489,114668,232173,117429,114744,232003,117364,114639,231733,117226,114507,37.45695405,126.895379
서울특별시 영등포구,367916,182504,185412,370108,183468,186640,371903,184316,187587,372225,184446,187779,372568,184535,188033,373349,184905,188444,374097,185156,188941,375133,185603,189530,375630,185800,189830,376924,186417,190507,378276,187061,191215,379480,187647,191833,37.52652266,126.8962345
서울특별시 동작구,395636,191772,203864,395201,191433,203768,395014,191272,203742,394988,191207,203781,395180,191281,203899,395165,191211,203954,394905,191063,203842,394118,190754,203364,393554,190422,203132,392674,189990,202684,391896,189527,202369,391220,189152,202068,37.51261701,126.9397997
서울특별시 관악구,499869,250931,248938,499587,250822,248765,499374,250743,248631,498978,250442,248536,499431,250628,248803,499740,250829,248911,499729,250825,248904,499316,250520,248796,498574,250084,248490,497082,249412,247670,496059,248857,247202,495060,248339,246721,37.47828858,126.9514609
서울특별시 서초구,431050,206112,224938,431336,206193,225143,430568,205787,224781,429729,205452,224277,429340,205264,224076,428919,205037,223882,428252,204766,223486,427237,204280,222957,426009,203686,222323,425558,203507,222051,425431,203493,221938,425126,203359,221767,37.48375739,127.0326987
서울특별시 강남구,545938,261190,284748,546436,261466,284970,544804,260654,284150,543240,259936,283304,541915,259158,282757,541233,258753,282480,540636,258624,282012,540148,258407,281741,539235,257961,281274,540127,258461,281666,539838,258333,281505,539231,257999,281232,37.51768528,127.047386
서울특별시 송파구,676341,327261,349080,675782,326880,348902,674095,325859,348236,672862,325127,347735,672089,324643,347446,671512,324317,347195,671589,324307,347282,671312,324134,347178,670331,323646,346685,668920,322942,345978,668498,322663,345835,667960,322299,345661,37.5146405,127.105894
서울특별시 강동구,440795,217545,223250,446887,220464,226423,452646,223189,229457,455042,224321,230721,456312,224869,231443,457164,225206,231958,457339,225170,232169,457330,225103,232227,458058,225396,232662,458495,225664,232831,458604,225631,232973,459970,226216,233754,37.53028931,127.1237639
부산광역시 중구,41830,20508,21322,41826,20482,21344,41764,20454,21310,41714,20451,21263,41742,20457,21285,41652,20411,21241,41633,20380,21253,41630,20358,21272,41593,20345,21248,41547,20320,21227,41501,20294,21207,41523,20282,21241,35.10653923,129.0322797
부산광역시 서구,107973,52487,55486,107844,52368,55476,107669,52230,55439,107722,52251,55471,107868,52319,55549,107947,52341,55606,107934,52313,55621,107768,52216,55552,107689,52179,55510,107996,52306,55690,108119,52358,55761,108135,52341,55794,35.09811743,129.0242148
부산광역시 동구,88292,43376,44916,88439,43453,44986,89289,43844,45445,89673,44003,45670,89710,44007,45703,89698,44003,45695,89721,44016,45705,89665,43942,45723,89410,43821,45589,89205,43684,45521,89031,43603,45428,88901,43509,45392,35.12951925,129.0454126
부산광역시 영도구,116447,57482,58965,116155,57304,58851,115886,57150,58736,115645,57014,58631,115388,56867,58521,115120,56700,58420,114873,56583,58290,114511,56422,58089,114252,56298,57954,113909,56128,57781,113621,55985,57636,113342,55846,57496,35.09140559,129.0678947
부산광역시 부산진구,357284,173108,184176,356811,172815,183996,356661,172634,184027,356978,172703,184275,357190,172803,184387,357242,172757,184485,357695,172953,184742,357768,173014,184754,357558,172829,184729,358317,173254,185063,359375,173709,185666,359886,173920,185966,35.16304228,129.0530903
부산광역시 동래구,271562,132401,139161,271528,132345,139183,272319,132743,139576,272570,132883,139687,272532,132867,139665,272476,132759,139717,272554,132823,139731,272182,132551,139631,271980,132456,139524,271633,132262,139371,271187,132022,139165,270745,131735,139010,35.1967203,129.0930973
부산광역시 남구,273707,134125,139582,272927,133698,139229,272381,133353,139028,271674,133034,138640,271183,132724,138459,270606,132436,138170,270125,132209,137916,269626,131948,137678,269251,131745,137506,268711,131533,137178,268249,131310,136939,267731,131037,136694,35.1367524,129.0844303
부산광역시 북구,290908,144089,146819,290230,143726,146504,289575,143363,146212,289059,143102,145957,288986,143042,145944,288376,142725,145651,287736,142426,145310,286865,141959,144906,286327,141698,144629,285507,141291,144216,284872,140976,143896,283952,140527,143425,35.19746596,128.9902986
부산광역시 해운대구,406312,196037,210275,405708,195730,209978,405155,195405,209750,405268,195412,209856,404459,194943,209516,403923,194638,209285,403878,194573,209305,403118,194137,208981,402749,193893,208856,402820,193899,208921,402518,193777,208741,402169,193618,208551,35.16335254,129.1638847
부산광역시 사하구,320254,159764,160490,319542,159437,160105,318866,159079,159787,318196,158716,159480,317747,158447,159300,317258,158222,159036,316705,157896,158809,315748,157389,158359,314728,156796,157932,313677,156217,157460,312840,155766,157074,311757,155228,156529,35.1045808,128.9749752
부산광역시 금정구,238556,116818,121738,238208,116606,121602,237508,116174,121334,236904,115861,121043,236596,115716,120880,236009,115428,120581,235155,114941,120214,234640,114665,119975,234135,114368,119767,233601,114052,119549,233303,113883,119420,232666,113595,119071,35.2430003,129.0921739
부산광역시 강서구,130298,67353,62945,130748,67557,63191,131140,67778,63362,131235,67825,63410,131557,68009,63548,131779,68116,63663,131979,68208,63771,133354,68912,64442,135330,69941,65389,136485,70513,65972,137229,70896,66333,137957,71245,66712,35.21241036,128.9804872
부산광역시 연제구,209980,101486,108494,210509,101738,108771,210326,101595,108731,210086,101425,108661,209873,101258,108615,209514,101066,108448,209345,100984,108361,210146,101338,108808,210362,101407,108955,210191,101317,108874,209688,101023,108665,209157,100700,108457,35.17640584,129.0796413
부산광역시 수영구,176112,83525,92587,176879,83801,93078,176967,83806,93161,176984,83743,93241,176886,83672,93214,176975,83688,93287,176742,83573,93169,176937,83686,93251,177266,83830,93436,177085,83696,93389,176885,83576,93309,176894,83573,93321,35.14574351,129.1131838
부산광역시 사상구,217594,110022,107572,217250,109833,107417,216840,109636,107204,216507,109497,107010,216083,109279,106804,215709,109108,106601,215332,108906,106426,214826,108616,106210,214345,108367,105978,213747,108044,105703,213178,107721,105457,212586,107405,105181,35.15280367,128.9911898
부산광역시 기장군,164710,81621,83089,166321,82373,83948,167586,83008,84578,168132,83279,84853,169142,83765,85377,170139,84220,85919,171369,84829,86540,172288,85309,86979,172774,85581,87193,173167,85761,87406,173918,86156,87762,174545,86439,88106,35.24482811,129.2222634
대구광역시 중구,77282,37289,39993,77151,37184,39967,77136,37161,39975,76955,37064,39891,76880,37013,39867,76984,37036,39948,77062,37082,39980,77120,37118,40002,77030,37052,39978,76849,36968,39881,76727,36930,39797,76547,36799,39748,35.86947505,128.6060564
대구광역시 동구,344932,170284,174648,343857,169757,174100,343933,169683,174250,343568,169428,174140,342897,169113,173784,342627,168940,173687,342657,168899,173758,343317,169224,174093,343233,169170,174063,342552,168793,173759,342432,168712,173720,341920,168443,173477,35.88681859,128.6355584
대구광역시 서구,174803,87761,87042,174389,87544,86845,174042,87337,86705,173807,87167,86640,173278,86892,86386,172802,86639,86163,172657,86576,86081,172465,86481,85984,171947,86202,85745,171576,86015,85561,171060,85757,85303,170700,85572,85128,35.87200214,128.5592204
대구광역시 남구,148057,71342,76715,147938,71220,76718,148083,71248,76835,147905,71130,76775,147746,71070,76676,147482,70945,76537,147355,70816,76539,147235,70744,76491,146864,70576,76288,146513,70433,76080,146658,70450,76208,146632,70471,76161,35.84618324,128.5973754
대구광역시 북구,437189,217926,219263,436530,217534,218996,436847,217669,219178,436863,217681,219182,437566,217981,219585,438608,218514,220094,439432,218914,220518,439690,219016,220674,440500,219416,221084,440832,219603,221229,440736,219512,221224,440263,219197,221066,35.88430565,128.5815912
대구광역시 수성구,428770,208071,220699,428729,208070,220659,428777,208075,220702,428125,207610,220515,427436,207205,220231,426919,206873,220046,426611,206700,219911,426437,206555,219882,425949,206262,219687,425639,206015,219624,424947,205632,219315,424314,205293,219021,35.85823498,128.6305627
대구광역시 달서구,568663,281202,287461,567716,280670,287046,567978,280655,287323,567375,280296,287079,566213,279670,286543,565378,279227,286151,564639,278813,285826,563730,278341,285389,562972,277979,284993,561568,277231,284337,560354,276555,283799,558631,275626,283005,35.82992525,128.5326441
대구광역시 달성군,256792,130512,126280,256573,130385,126188,256772,130445,126327,256925,130523,126402,257043,130560,126483,257154,130641,126513,257609,130821,126788,258234,131183,127051,258354,131257,127097,258642,131388,127254,258945,131533,127412,259339,131708,127631,35.77475899,128.4313244
인천광역시 중구,136013,70468,65545,136879,70837,66042,137587,71205,66382,137994,71389,66605,138535,71667,66868,138783,71833,66950,139042,71985,67057,139154,72058,67096,139299,72174,67125,139391,72267,67124,139646,72385,67261,139729,72485,67244,37.47393798,126.6215171
인천광역시 동구,64337,32485,31852,64216,32421,31795,64039,32314,31725,63866,32239,31627,63795,32230,31565,63546,32101,31445,63309,31979,31330,63093,31856,31237,62957,31767,31190,62802,31701,31101,62747,31690,31057,62542,31575,30967,37.4740331,126.6432655
인천광역시 미추홀구,408394,205847,202547,407369,205288,202081,406829,204964,201865,406690,204942,201748,406602,204875,201727,406125,204638,201487,405498,204272,201226,404360,203663,200697,403500,203233,200267,402662,202816,199846,402392,202669,199723,404343,203638,200705,37.46365763,126.6502865
인천광역시 연수구,367321,182794,184527,369588,183851,185737,370796,184450,186346,371396,184733,186663,372206,185068,187138,372566,185258,187308,374353,186133,188220,378093,188008,190085,380980,189440,191540,383529,190662,192867,385973,191853,194120,387450,192570,194880,37.41037273,126.678298
인천광역시 남동구,532569,264835,267734,532257,264677,267580,531960,264508,267452,531526,264348,267178,531031,264071,266960,530416,263707,266709,529413,263176,266237,528255,262483,265772,527515,262068,265447,527080,261785,265295,526337,261423,264914,525354,260923,264431,37.44725267,126.7314723
인천광역시 부평구,510362,252799,257563,508587,251949,256638,506682,251023,255659,505236,250187,255049,503946,249482,254464,502365,248663,253702,501128,248030,253098,499290,247094,252196,497902,246296,251606,496958,245756,251202,495882,245186,250696,494962,244713,250249,37.50724197,126.7218691
인천광역시 계양구,302832,151252,151580,301984,150884,151100,301395,150492,150903,300885,150250,150635,300446,149977,150469,299853,149655,150198,299210,149306,149904,298184,148767,149417,297540,148443,149097,297282,148288,148994,297148,148225,148923,296750,147976,148774,37.53757116,126.7377225
인천광역시 서구,544608,274954,269654,544465,274946,269519,544034,274696,269338,543994,274644,269350,544010,274679,269331,544136,274761,269375,544147,274755,269392,543627,274487,269140,543365,274441,268924,542982,274290,268692,542611,274090,268521,542040,273778,268262,37.54548073,126.6760045
인천광역시 강화군,69197,34682,34515,69154,34663,34491,68996,34595,34401,69030,34609,34421,69102,34656,34446,69060,34617,34443,69032,34582,34450,69003,34585,34418,69070,34613,34457,69069,34603,34466,69074,34607,34467,69203,34644,34559,37.74685272,126.4878739
인천광역시 옹진군,20486,11633,8853,20456,11617,8839,20371,11592,8779,20355,11575,8780,20390,11602,8788,20367,11580,8787,20433,11619,8814,20432,11619,8813,20425,11630,8795,20478,11666,8812,20497,11667,8830,20455,11641,8814,37.44668379,126.6368011
광주광역시 동구,98642,48775,49867,98641,48775,49866,98628,48750,49878,98622,48743,49879,99158,49015,50143,99273,49091,50182,99228,49043,50185,99159,49005,50154,100993,49923,51070,102151,50495,51656,102645,50705,51940,102897,50810,52087,35.14615419,126.9231381
광주광역시 서구,301339,147877,153462,301015,147750,153265,300292,147355,152937,300093,147198,152895,299850,147074,152776,299248,146717,152531,298898,146518,152380,298644,146398,152246,298030,146067,151963,297527,145861,151666,297214,145703,151511,296576,145374,151202,35.15217985,126.8899468
광주광역시 남구,218035,105018,113017,217993,104972,113021,217810,104881,112929,217543,104745,112798,216758,104351,112407,216256,104128,112128,215987,104009,111978,215701,103846,111855,215266,103633,111633,215072,103526,111546,214752,103360,111392,214579,103257,111322,35.13321296,126.9022115
광주광역시 북구,433147,215098,218049,432872,214985,217887,433006,215039,217967,433057,215038,218019,432731,214894,217837,433444,215259,218185,433463,215251,218212,433279,215168,218111,432525,214717,217808,431684,214238,217446,431256,214023,217233,430431,213611,216820,35.17438289,126.9121844
광주광역시 광산구,405525,204163,201362,405600,204204,201396,405969,204435,201534,406781,204812,201969,407036,204966,202070,406827,204865,201962,407133,205039,202094,407371,205184,202187,407138,205105,202033,406560,204792,201768,406126,204579,201547,405579,204296,201283,35.13977662,126.7937594
대전광역시 동구,226216,114174,112042,225633,113883,111750,225302,113690,111612,225094,113487,111607,224729,113288,111441,224300,113088,111212,224060,112971,111089,223728,112774,110954,223368,112589,110779,222850,112333,110517,222446,112094,110352,223021,112416,110605,36.31203163,127.4548059
대전광역시 중구,240215,118757,121458,240064,118636,121428,239635,118361,121274,239361,118212,121149,238955,117992,120963,238540,117801,120739,238149,117592,120557,237792,117413,120379,237425,117205,120220,236825,116865,119960,236492,116718,119774,235550,116233,119317,36.32576074,127.4213595
대전광역시 서구,481174,236839,244335,481349,236972,244377,481135,236924,244211,481304,237012,244292,481449,237046,244403,481436,236945,244491,481209,236814,244395,481124,236763,244361,480780,236605,244175,479806,236113,243693,478872,235628,243244,477880,235112,242768,36.35552081,127.3838132
대전광역시 유성구,349824,176617,173207,349915,176706,173209,350055,176785,173270,350439,176924,173515,351532,177460,174072,351882,177640,174242,352316,177867,174449,352550,178001,174549,352604,178003,174601,352231,177833,174398,351790,177584,174206,351047,177240,173807,36.36246979,127.3561992
대전광역시 대덕구,176723,89872,86851,176164,89594,86570,175731,89419,86312,175452,89267,86185,175250,89154,86096,174882,88967,85915,174491,88764,85727,174237,88596,85641,174922,88954,85968,175844,89408,86436,176293,89677,86616,176384,89698,86686,36.34692581,127.4155614
울산광역시 중구,223060,113235,109825,222395,112874,109521,221702,112512,109190,221125,112157,108968,220604,111885,108719,220028,111559,108469,219635,111380,108255,219249,111137,108112,218862,110913,107949,218571,110780,107791,218096,110500,107596,217595,110201,107394,35.56970355,129.3327733
울산광역시 남구,323704,164993,158711,323756,165069,158687,323320,164896,158424,323230,164885,158345,323192,164865,158327,322883,164689,158194,322486,164493,157993,321955,164160,157795,321494,163939,157555,321134,163727,157407,320716,163513,157203,320064,163198,156866,35.54394782,129.330126
울산광역시 동구,159294,83217,76077,158809,83004,75805,158477,82841,75636,158323,82795,75528,158154,82706,75448,157973,82633,75340,157757,82507,75250,157589,82449,75140,157396,82303,75093,157319,82261,75058,157111,82126,74985,156806,81999,74807,35.50516123,129.4167348
울산광역시 북구,218053,112773,105280,218190,112835,105355,218353,112967,105386,218364,112960,105404,218396,113001,105395,218673,113189,105484,218777,113253,105524,218765,113233,105532,218903,113315,105588,218949,113337,105612,218882,113325,105557,219014,113392,105622,35.582905,129.3612179
울산광역시 울주군,222926,115015,107911,222560,114844,107716,222711,114911,107800,223056,115105,107951,222802,114977,107825,222633,114869,107764,222707,114900,107807,222752,114943,107809,222713,114917,107796,222608,114858,107750,222540,114841,107699,222538,114918,107620,35.52252665,129.2425116
세종특별자치시 세종특별자치시,342328,170729,171599,343788,171403,172385,344792,171951,172841,345216,172176,173040,345373,172269,173104,345341,172234,173107,346217,172660,173557,347232,173183,174049,348014,173613,174401,351007,175135,175872,353430,176336,177094,355831,177568,178263,36.48045322,127.2892442
경기도 수원시,1193894,601097,592797,1193480,600958,592522,1192762,600550,592212,1192622,600616,592006,1192018,600154,591864,1191542,599868,591674,1191244,599719,591525,1190074,599101,590973,1188926,598549,590377,1187638,597863,589775,1187153,597612,589541,1186078,597076,589002,37.26355925,127.0285973
경기도 성남시,942649,466582,476067,942183,466306,475877,941688,466115,475573,941527,466119,475408,940519,465640,474879,939748,465307,474441,938982,465033,473949,940668,465801,474867,941783,466232,475551,941480,466057,475423,940746,465702,475044,940064,465407,474657,37.42022748,127.1266546
경기도 의정부시,451876,222611,229265,452865,223110,229755,453679,223534,230145,454222,223765,230457,454859,224100,230759,455520,224416,231104,455671,224479,231192,456660,224985,231675,458273,225715,232558,459418,226232,233186,460390,226656,233734,461710,227342,234368,37.73825019,127.033733
경기도 안양시,565352,279857,285495,563066,278678,284388,561966,278194,283772,561069,277727,283342,559792,276997,282795,558017,276140,281877,556561,275318,281243,554857,274506,280351,553286,273677,279609,552154,273030,279124,551296,272550,278746,550027,271936,278091,37.39453744,126.9568463
경기도 부천시,828947,411912,417035,827374,411044,416330,827132,410853,416279,826845,410678,416167,826093,410257,415836,825700,409982,415718,824675,409371,415304,822865,408411,414454,822000,407881,414119,821068,407401,413667,819990,406839,413151,818383,406023,412360,37.50375321,126.7658326
경기도 광명시,315920,156095,159825,316125,156129,159996,316220,156128,160092,315745,155900,159845,314413,155249,159164,312774,154425,158349,311119,153575,157544,308678,152384,156294,305836,150994,154842,302761,149478,153283,300092,148104,151988,298599,147278,151321,37.47867555,126.8646736
경기도 평택시,514876,265037,249839,517087,266206,250881,519124,267360,251764,520649,268331,252318,522111,269109,253002,523881,270183,253698,525378,271051,254327,527166,271992,255174,529140,273077,256063,531655,274461,257194,534343,275968,258375,537307,277617,259690,36.99245752,127.112695
경기도 동두천시,94719,47276,47443,94452,47156,47296,94231,47048,47183,94191,47015,47176,94097,46946,47151,94143,46951,47192,93985,46904,47081,93968,46912,47056,93901,46863,47038,93915,46846,47069,94199,46959,47240,94353,47038,47315,37.90370032,127.061145
경기도 안산시,650559,333471,317088,651211,333839,317372,652763,334625,318138,653575,335033,318542,654047,335253,318794,654450,335477,318973,654093,335259,318834,653733,335082,318651,653505,334987,318518,653383,334914,318469,654210,335365,318845,654915,335804,319111,37.32203062,126.8308388
경기도 고양시,1068641,523803,544838,1071002,524883,546119,1072909,525756,547153,1074853,526681,548172,1076179,527304,548875,1076996,527663,549333,1077347,527701,549646,1076406,527215,549191,1075841,526928,548913,1076564,527169,549395,1078047,527834,550213,1079216,528480,550736,37.65830361,126.832016
경기도 과천시,58334,28650,29684,58253,28616,29637,58280,28633,29647,59687,29341,30346,60790,29872,30918,61309,30125,31184,61717,30296,31421,61902,30374,31528,61982,30431,31551,62011,30459,31552,62026,30466,31560,63231,31068,32163,37.42927348,126.9875979
경기도 구리시,199015,98858,100157,198921,98807,100114,199099,98873,100226,199018,98816,100202,198883,98734,100149,198461,98503,99958,198212,98386,99826,197889,98262,99627,197974,98260,99714,197781,98145,99636,197608,98033,99575,197454,97939,99515,37.5944714,127.1297639
경기도 남양주시,702545,350058,352487,704172,350840,353332,705264,351413,353851,706069,351837,354232,706444,351990,354454,707485,352439,355046,709247,353217,356030,709881,353465,356416,710433,353701,356732,711815,354477,357338,712900,355027,357873,713321,355197,358124,37.61055247,127.1711945
경기도 오산시,226736,117148,109588,226900,117239,109661,227112,117359,109753,227550,117610,109940,227749,117796,109953,228111,117949,110162,228323,118057,110266,228768,118304,110464,229249,118568,110681,229424,118665,110759,229591,118706,110885,229725,118785,110940,37.14993516,127.0770233
경기도 시흥시,475396,248693,226703,476481,249307,227174,477425,249786,227639,478464,250312,228152,479368,250780,228588,481430,251904,229526,484164,253293,230871,489077,255745,233332,493005,257762,235243,495391,258939,236452,497925,260233,237692,500895,261730,239165,37.38014281,126.8028693
경기도 군포시,275989,136990,138999,275857,136998,138859,275960,137040,138920,275954,137034,138920,275902,137001,138901,276039,137037,139002,275995,137053,138942,275508,136823,138685,274985,136530,138455,274620,136329,138291,274309,136130,138179,273791,135834,137957,37.36160744,126.9352653
경기도 의왕시,162472,80957,81515,163982,81709,82273,164602,82016,82586,164701,82049,82652,164150,81782,82368,163622,81480,82142,163049,81175,81874,162751,81006,81745,163720,81504,82216,163960,81603,82357,163978,81584,82394,163795,81470,82325,37.34496964,126.9687218
경기도 하남시,273587,137533,136054,275384,138362,137022,277431,139324,138107,279621,140443,139178,281340,141301,140039,283256,142312,140944,284507,142973,141534,285693,143555,142138,287452,144433,143019,288922,145167,143755,291075,146255,144820,293452,147424,146028,37.53923662,127.2145653
경기도 용인시,1061440,526823,534617,1063650,527799,535851,1065613,528764,536849,1068519,530251,538268,1070987,531727,539260,1073115,532935,540180,1074968,533772,541196,1075659,534140,541519,1075697,534153,541544,1075490,533921,541569,1074790,533488,541302,1074176,532847,541329,37.24071642,127.177274
경기도 파주시,453961,230458,223503,453827,230409,223418,454494,230790,223704,455262,231142,224120,455471,231256,224215,456073,231522,224551,456788,231825,224963,459158,232919,226239,461314,233949,227365,463155,234915,228240,464453,235537,228916,465617,236049,229568,37.75946605,126.7803264
경기도 이천시,215885,111284,104601,215869,111272,104597,216404,111554,104850,216844,111858,104986,217547,112430,105117,218465,113002,105463,218954,113271,105683,219537,113658,105879,219531,113655,105876,219513,113667,105846,219525,113668,105857,218388,112947,105441,37.27224558,127.435023
경기도 안성시,183369,94249,89120,183444,94316,89128,183751,94481,89270,184211,94781,89430,185018,95278,89740,185305,95447,89858,185544,95575,89969,186104,95880,90224,186460,96122,90338,186695,96241,90454,186853,96313,90540,187012,96355,90657,37.00786318,127.2798342
경기도 김포시,437789,219805,217984,439502,220617,218885,443071,222353,220718,445425,223443,221982,447038,224224,222814,449039,225141,223898,451842,226602,225240,458505,229922,228583,463735,232501,231234,467084,234117,232967,469340,235230,234110,473970,237507,236463,37.61533178,126.7154295
경기도 화성시,818760,424061,394699,822470,425993,396477,827603,428761,398842,831888,431049,400839,834378,432499,401879,836662,433894,402768,839493,435377,404116,842864,437083,405781,846850,439243,407607,850050,440954,409096,853106,442631,410475,855248,443841,411407,37.19943362,126.8315556
경기도 광주시,373274,191127,182147,373867,191421,182446,374913,191945,182968,375561,192208,183353,376753,192894,183859,377525,193232,184293,378723,193796,184927,379480,194146,185334,380291,194524,185767,380821,194783,186038,381324,194991,186333,382054,195298,186756,37.4294162,127.2551636
경기도 양주시,222275,112770,109505,222435,112854,109581,223704,113515,110189,224524,113980,110544,225069,114236,110833,226015,114757,111258,227972,115695,112277,229052,116194,112858,229427,116428,112999,230005,116719,113286,230273,116847,113426,230359,116916,113443,37.78529546,127.04579
경기도 포천시,148137,78129,70008,147770,77972,69798,147853,78050,69803,148144,78234,69910,148081,78242,69839,148015,78233,69782,147809,78166,69643,147854,78194,69660,147803,78196,69607,147578,78066,69512,147477,78012,69465,147274,77905,69369,37.89490568,127.200311
경기도 여주시,111017,56388,54629,111008,56378,54630,111083,56415,54668,111198,56492,54706,111234,56545,54689,111341,56582,54759,111400,56600,54800,111438,56651,54787,111512,56689,54823,111605,56710,54895,111636,56728,54908,111897,56838,55059,37.29818024,127.6366015
경기도 연천군,43741,22948,20793,43614,22882,20732,43552,22858,20694,43618,22882,20736,43689,22930,20759,43618,22851,20767,43566,22834,20732,43542,22813,20729,43590,22827,20763,43574,22820,20754,43531,22801,20730,43516,22799,20717,38.09636868,127.0750663
경기도 가평군,62303,31986,30317,62224,31976,30248,62262,31990,30272,62397,32067,30330,62566,32175,30391,62662,32242,30420,62632,32247,30385,62605,32228,30377,62551,32205,30346,62476,32168,30308,62495,32192,30303,62377,32156,30221,37.8312274,127.509577
경기도 양평군,116910,58654,58256,116902,58630,58272,117025,58676,58349,117301,58837,58464,117456,58902,58554,117701,59048,58653,117931,59192,58739,118372,59475,58897,118433,59493,58940,118609,59533,59076,118778,59600,59178,118810,59563,59247,37.49165875,127.4874649
강원도 춘천시,281468,138806,142662,281759,139015,142744,281688,138977,142711,281492,138867,142625,281439,138877,142562,281400,138835,142565,281516,138901,142615,281854,139086,142768,282012,139184,142828,282320,139320,143000,282544,139428,143116,282765,139576,143189,37.88126781,127.7299743
강원도 원주시,350202,173891,176311,350897,174222,176675,351154,174379,176775,351421,174467,176954,351979,174701,177278,352201,174812,177389,352726,175077,177649,352964,175152,177812,353189,175217,177972,353553,175367,178186,353928,175624,178304,354376,175939,178437,37.34200542,127.9196968
강원도 강릉시,213328,105775,107553,213273,105698,107575,213143,105665,107478,213037,105639,107398,212929,105604,107325,212863,105593,107270,212978,105699,107279,212935,105651,107284,213055,105704,107351,213070,105664,107406,213189,105726,107463,213321,105794,107527,37.75192033,128.8758988
강원도 동해시,90417,45782,44635,90210,45676,44534,90263,45731,44532,90233,45698,44535,90366,45769,44597,90454,45832,44622,90481,45847,44634,90548,45887,44661,90575,45906,44669,90626,45947,44679,90560,45930,44630,90593,45991,44602,37.52501602,129.1144366
강원도 태백시,43681,22056,21625,43526,21991,21535,43411,21949,21462,43251,21856,21395,43254,21847,21407,43203,21839,21364,43098,21804,21294,42980,21749,21231,42937,21741,21196,42901,21717,21184,42800,21685,21115,42719,21640,21079,37.16407866,128.9857267
강원도 속초시,81840,40470,41370,81744,40412,41332,81689,40398,41291,81713,40393,41320,81792,40436,41356,82059,40583,41476,82211,40668,41543,82343,40742,41601,82457,40828,41629,82538,40887,41651,82636,40931,41705,82665,40965,41700,38.20736378,128.5922346
강원도 삼척시,66806,33811,32995,66478,33686,32792,66088,33491,32597,65887,33402,32485,65834,33390,32444,65753,33329,32424,65698,33287,32411,65708,33268,32440,65639,33245,32394,65544,33208,32336,65409,33106,32303,65243,33011,32232,37.44998132,129.1653894
강원도 홍천군,68933,35249,33684,68715,35165,33550,68630,35140,33490,68688,35194,33494,68832,35290,33542,68998,35452,33546,69232,35669,33563,69167,35613,33554,69164,35605,33559,69163,35608,33555,69192,35637,33555,69242,35663,33579,37.69715594,127.8887666
강원도 횡성군,46377,23687,22690,46372,23696,22676,46307,23690,22617,46232,23669,22563,46276,23699,22577,46442,23787,22655,46402,23779,22623,46409,23783,22626,46482,23823,22659,46514,23847,22667,46533,23858,22675,46472,23822,22650,37.49171366,127.9849703
강원도 영월군,39040,20154,18886,38969,20145,18824,38938,20110,18828,38762,20002,18760,38759,19996,18763,38840,20054,18786,38818,20048,18770,38773,20023,18750,38698,19987,18711,38712,20002,18710,38710,19997,18713,38662,19986,18676,37.18370855,128.4617516
강원도 평창군,42014,21541,20473,41903,21472,20431,41817,21424,20393,41758,21394,20364,41779,21376,20403,41739,21339,20400,41709,21331,20378,41742,21350,20392,41706,21321,20385,41708,21324,20384,41665,21306,20359,41681,21321,20360,37.37075556,128.3902789
강원도 정선군,37194,19320,17874,37062,19238,17824,37044,19234,17810,37036,19232,17804,37025,19224,17801,37046,19236,17810,37001,19218,17783,37006,19235,17771,36956,19202,17754,36950,19203,17747,36937,19199,17738,36870,19174,17696,37.38061264,128.6608105
강원도 철원군,45467,23733,21734,45333,23636,21697,45220,23561,21659,45093,23476,21617,45084,23475,21609,44987,23401,21586,44924,23346,21578,44833,23280,21553,44799,23267,21532,44749,23261,21488,44706,23235,21471,44699,23216,21483,38.14658472,127.3125482
강원도 화천군,24806,13426,11380,24673,13334,11339,24646,13333,11313,24627,13318,11309,24657,13336,11321,24717,13372,11345,24753,13421,11332,24802,13440,11362,24855,13458,11397,24897,13503,11394,24868,13488,11380,24857,13472,11385,38.10624708,127.7080903
강원도 양구군,22526,11937,10589,22366,11853,10513,22301,11806,10495,22375,11801,10574,22378,11802,10576,22332,11789,10543,22295,11775,10520,22329,11816,10513,22315,11814,10501,22276,11793,10483,22350,11867,10483,22278,11829,10449,38.10999021,127.9899381
강원도 인제군,31567,17086,14481,31432,17011,14421,31461,17013,14448,31506,17027,14479,31548,17051,14497,31554,17052,14502,31526,17022,14504,31571,17026,14545,31538,17007,14531,31570,17001,14569,31623,17044,14579,31694,17084,14610,38.06952159,128.1697635
강원도 고성군,27165,14051,13114,27080,13999,13081,27064,13981,13083,26959,13926,13033,26921,13910,13011,26886,13884,13002,26867,13862,13005,26857,13852,13005,26787,13815,12972,26781,13812,12969,26798,13824,12974,26757,13802,12955,38.38058598,128.4678781
강원도 양양군,27709,14091,13618,27729,14109,13620,27713,14101,13612,27710,14107,13603,27787,14140,13647,27808,14136,13672,27859,14159,13700,27868,14160,13708,27940,14200,13740,27964,14215,13749,27926,14194,13732,27946,14220,13726,38.07537941,128.6190796
충청북도 청주시,840047,423099,416948,840272,423236,417036,840756,423467,417289,840938,423544,417394,841540,423859,417681,842821,424561,418260,843399,424881,418518,843782,425096,418686,844110,425345,418765,844486,425483,419003,844815,425716,419099,844993,425848,419145,36.64246074,127.4891116
충청북도 충주시,210806,106633,104173,210643,106535,104108,210423,106420,104003,210188,106310,103878,210190,106327,103863,210173,106312,103861,210228,106297,103931,210304,106345,103959,210299,106352,103947,210246,106312,103934,210313,106350,103963,210186,106273,103913,36.99091676,127.9257467
충청북도 제천시,134359,67326,67033,134171,67244,66927,133839,67085,66754,133638,67030,66608,133513,66966,66547,133395,66925,66470,133277,66851,66426,133170,66804,66366,133246,66825,66421,133203,66811,66392,133115,66739,66376,133018,66705,66313,37.13259287,128.1908895
충청북도 보은군,32899,16535,16364,32840,16521,16319,32760,16500,16260,32699,16465,16234,32653,16454,16199,32578,16406,16172,32522,16373,16149,32522,16370,16152,32522,16359,16163,32476,16328,16148,32456,16326,16130,32412,16292,16120,36.48945062,127.7295675
충청북도 옥천군,50987,25693,25294,50903,25665,25238,50791,25596,25195,50778,25608,25170,50802,25618,25184,50802,25585,25217,50768,25574,25194,50792,25583,25209,50745,25548,25197,50696,25519,25177,50619,25494,25125,50527,25489,25038,36.30634045,127.5712259
충청북도 영동군,48523,24060,24463,48364,23990,24374,48174,23895,24279,47963,23828,24135,47832,23762,24070,47736,23723,24013,47702,23689,24013,47706,23689,24017,47679,23694,23985,47603,23662,23941,47561,23657,23904,47475,23624,23851,36.17489697,127.7833915
충청북도 증평군,37424,19376,18048,37419,19373,18046,37341,19345,17996,37320,19357,17963,37302,19353,17949,37178,19285,17893,37166,19301,17865,37136,19298,17838,37122,19283,17839,37011,19229,17782,36960,19215,17745,36807,19129,17678,36.78528798,127.5814568
충청북도 진천군,81225,42476,38749,81301,42535,38766,81404,42599,38805,81483,42652,38831,81584,42709,38875,81742,42813,38929,81865,42880,38985,81949,42920,39029,82362,43149,39213,83090,43522,39568,83621,43802,39819,83718,43836,39882,36.85487116,127.4357457
충청북도 괴산군,38451,19640,18811,38185,19500,18685,37896,19365,18531,37694,19271,18423,37566,19207,18359,37493,19202,18291,37357,19143,18214,37354,19136,18218,37368,19145,18223,37447,19186,18261,37671,19309,18362,39393,20225,19168,36.8153505,127.7866016
충청북도 음성군,95006,50268,44738,94909,50219,44690,94709,50139,44570,94461,50020,44441,94336,49965,44371,94288,49951,44337,94315,49995,44320,94179,49950,44229,93813,49775,44038,93579,49643,43936,93310,49477,43833,93153,49388,43765,36.94021058,127.6904771
충청북도 단양군,29664,15023,14641,29592,14987,14605,29546,14958,14588,29451,14920,14531,29392,14894,14498,29387,14894,14493,29337,14857,14480,29268,14832,14436,29270,14827,14443,29265,14833,14432,29239,14818,14421,29155,14782,14373,36.98510421,128.3655621
충청남도 천안시,652845,332818,320027,653816,333367,320449,654259,333551,320708,654251,333525,320726,655192,333991,321201,657514,335230,322284,658280,335655,322625,658212,335724,322488,658670,336024,322646,658911,336138,322773,658977,336256,322721,658808,336221,322587,36.81508793,127.1139222
충청남도 공주시,106294,53252,53042,106098,53161,52937,105895,53074,52821,105743,53019,52724,105611,52952,52659,105440,52838,52602,105396,52782,52614,105353,52741,52612,105192,52656,52536,104972,52542,52430,104736,52394,52342,104545,52297,52248,36.44652532,127.1190088
충청남도 보령시,100908,51031,49877,100836,51024,49812,100787,51027,49760,100646,50931,49715,100602,50917,49685,100647,50987,49660,100601,50969,49632,100538,50941,49597,100415,50881,49534,100336,50850,49486,100249,50814,49435,100229,50807,49422,36.33347359,126.6127756
충청남도 아산시,314238,162713,151525,313875,162615,151260,313733,162614,151119,313757,162676,151081,313761,162712,151049,313054,162398,150656,313319,162566,150753,313871,162873,150998,314282,163138,151144,314552,163284,151268,315279,163661,151618,316129,164115,152014,36.78992729,127.0024922
충청남도 서산시,174663,90387,84276,174596,90431,84165,174629,90543,84086,174645,90593,84052,174801,90756,84045,174884,90822,84062,175124,90960,84164,175272,91076,84196,175330,91168,84162,175426,91228,84198,175487,91321,84166,175591,91399,84192,36.78478317,126.4503368
충청남도 논산시,118781,59429,59352,118513,59290,59223,118266,59175,59091,118032,59039,58993,117812,58911,58901,117696,58862,58834,117520,58763,58757,117340,58656,58684,117226,58593,58633,117030,58493,58537,116888,58426,58462,116675,58316,58359,36.18720384,127.0986769
충청남도 계룡시,42735,21250,21485,42648,21211,21437,42663,21221,21442,42757,21294,21463,42696,21272,21424,42803,21319,21484,42772,21306,21466,42802,21300,21502,42811,21322,21489,42767,21306,21461,42848,21350,21498,42822,21343,21479,36.27450688,127.2485308
충청남도 당진시,166815,88199,78616,166551,88109,78442,166253,87970,78283,166136,87969,78167,166098,87974,78124,166084,88015,78069,166057,88007,78050,166067,88049,78018,165991,88009,77982,166073,88081,77992,166145,88140,78005,166249,88206,78043,36.88959597,126.6460108
충청남도 금산군,52120,26240,25880,51969,26165,25804,51904,26145,25759,51781,26064,25717,51746,26057,25689,51665,26034,25631,51696,26057,25639,51641,26032,25609,51563,26001,25562,51476,25957,25519,51443,25947,25496,51413,25928,25485,36.10885289,127.4880279
충청남도 부여군,66676,33011,33665,66548,32969,33579,66353,32871,33482,66214,32826,33388,66086,32746,33340,65919,32648,33271,65844,32604,33240,65723,32560,33163,65613,32485,33128,65528,32454,33074,65431,32417,33014,65354,32374,32980,36.27567229,126.9097853
충청남도 서천군,52702,26045,26657,52582,25992,26590,52494,25952,26542,52374,25898,26476,52247,25843,26404,52209,25829,26380,52223,25834,26389,52137,25776,26361,52026,25742,26284,51933,25687,26246,51926,25666,26260,51866,25614,26252,36.08030449,126.6918535
충청남도 청양군,31577,15937,15640,31385,15853,15532,31245,15804,15441,31139,15761,15378,31034,15712,15322,30994,15678,15316,30950,15667,15283,30863,15623,15240,30797,15587,15210,30823,15616,15207,30816,15624,15192,30948,15691,15257,36.45914434,126.8023368
충청남도 홍성군,100347,49896,50451,100245,49839,50406,100063,49737,50326,99973,49723,50250,100013,49731,50282,99980,49711,50269,100020,49729,50291,99984,49715,50269,99909,49689,50220,99844,49626,50218,99890,49665,50225,100102,49796,50306,36.60131617,126.6608455
충청남도 예산군,79126,39721,39405,78915,39603,39312,78881,39587,39294,78726,39524,39202,78618,39497,39121,78610,39464,39146,78609,39465,39144,78420,39353,39067,78370,39308,39062,78286,39276,39010,78146,39202,38944,78084,39156,38928,36.68088766,126.844815
충청남도 태안군,62628,31623,31005,62418,31524,30894,62324,31434,30890,62283,31414,30869,62193,31354,30839,62272,31389,30883,62281,31388,30893,62296,31388,30908,62364,31426,30938,62390,31429,30961,62346,31428,30918,62214,31371,30843,36.74555213,126.2979723
전라북도 전주시,654963,322524,332439,655447,322798,332649,655519,322755,332764,655713,322894,332819,655607,322832,332775,655472,322788,332684,655784,322907,332877,656149,323103,333046,656688,323351,333337,657185,323585,333600,657745,323780,333965,657432,323542,333890,35.82445746,127.1478665
전라북도 군산시,269779,136268,133511,269201,135975,133226,268766,135745,133021,268667,135704,132963,268558,135674,132884,268356,135579,132777,268243,135497,132746,267982,135367,132615,268025,135421,132604,267987,135376,132611,267911,135332,132579,267859,135332,132527,35.96743059,126.7368529
전라북도 익산시,286997,142991,144006,286096,142534,143562,285431,142205,143226,285255,142088,143167,284746,141842,142904,284217,141545,142672,283853,141360,142493,283496,141163,142333,283064,140974,142090,282847,140864,141983,282582,140745,141837,282276,140573,141703,35.94825493,126.9577833
전라북도 정읍시,110310,54624,55686,110120,54541,55579,109951,54501,55450,109763,54410,55353,109646,54361,55285,109503,54267,55236,109355,54186,55169,109167,54088,55079,108963,53997,54966,108861,53960,54901,108681,53872,54809,108508,53791,54717,35.57000284,126.8563525
전라북도 남원시,81439,39877,41562,81358,39875,41483,81257,39814,41443,81170,39786,41384,81067,39729,41338,81051,39703,41348,81028,39702,41326,81062,39728,41334,80905,39665,41240,80863,39646,41217,80784,39616,41168,80662,39560,41102,35.41632997,127.3903679
전라북도 김제시,83803,41594,42209,83595,41483,42112,83570,41441,42129,83391,41337,42054,83384,41319,42065,83327,41262,42065,83177,41189,41988,83061,41140,41921,82914,41046,41868,82786,40991,41795,82623,40934,41689,82450,40844,41606,35.80330016,126.8807361
전라북도 완주군,92171,47293,44878,92201,47315,44886,92135,47328,44807,91976,47244,44732,91835,47142,44693,91841,47126,44715,91828,47139,44689,91741,47109,44632,91806,47149,44657,91553,47023,44530,91445,46970,44475,91609,47077,44532,35.90482498,127.1620039
전라북도 진안군,25681,12973,12708,25652,12950,12702,25621,12931,12690,25548,12888,12660,25514,12877,12637,25509,12876,12633,25477,12873,12604,25466,12845,12621,25444,12845,12599,25411,12815,12596,25351,12784,12567,25394,12832,12562,35.79178512,127.4245692
전라북도 무주군,24271,12058,12213,24230,12047,12183,24178,12017,12161,24127,11995,12132,24089,11976,12113,24042,11952,12090,24014,11929,12085,24024,11938,12086,24032,11940,12092,24034,11943,12091,24031,11948,12083,24036,11959,12077,36.0067837,127.6607417
전라북도 장수군,22382,11141,11241,22285,11095,11190,22277,11096,11181,22277,11103,11174,22230,11078,11152,22240,11073,11167,22205,11051,11154,22159,11023,11136,22149,11027,11122,22140,11018,11122,22099,11006,11093,22085,11000,11085,35.64729167,127.521172
전라북도 임실군,28446,14457,13989,28253,14372,13881,28073,14293,13780,27895,14219,13676,27807,14184,13623,27783,14175,13608,27706,14145,13561,27663,14144,13519,27566,14097,13469,27508,14070,13438,27424,14024,13400,27314,13966,13348,35.61778264,127.2890493
전라북도 순창군,28311,13737,14574,28260,13721,14539,28155,13671,14484,28124,13648,14476,28040,13613,14427,28018,13605,14413,28016,13595,14421,27942,13569,14373,27871,13538,14333,27857,13530,14327,27805,13520,14285,27810,13520,14290,35.37443426,127.1374233
전라북도 고창군,55604,27439,28165,55425,27338,28087,55190,27238,27952,55021,27155,27866,54950,27135,27815,54858,27076,27782,54811,27051,27760,54727,27019,27708,54656,26989,27667,54588,26948,27640,54486,26909,27577,54529,26964,27565,35.43577681,126.7020803
전라북도 부안군,53145,26409,26736,52989,26321,26668,52813,26217,26596,52692,26157,26535,52624,26132,26492,52585,26110,26475,52547,26095,26452,52455,26060,26395,52358,26009,26349,52317,26001,26316,52237,25953,26284,52140,25914,26226,35.73178215,126.7333099
전라남도 목포시,229744,114506,115238,229235,114262,114973,229009,114138,114871,228916,114140,114776,228587,113977,114610,228231,113829,114402,228198,113775,114423,226875,113053,113822,225684,112457,113227,225278,112217,113061,224973,111999,112974,224044,111578,112466,34.81181045,126.3921426
전라남도 여수시,282356,143642,138714,282062,143645,138417,281794,143551,138243,281604,143493,138111,281250,143364,137886,281121,143298,137823,280925,143194,137731,280603,143046,137557,280545,143064,137481,280584,143106,137478,280549,143116,137433,280242,142995,137247,34.76039685,127.6622222
전라남도 순천시,281014,140119,140895,281347,140306,141041,281873,140597,141276,281349,140348,141001,280795,140159,140636,281054,140303,140751,281366,140466,140900,281999,140794,141205,282200,140876,141324,282676,141053,141623,282618,141001,141617,282189,140772,141417,34.95062457,127.48737
전라남도 나주시,114671,57696,56975,114618,57676,56942,114516,57667,56849,114380,57620,56760,114469,57643,56826,114448,57642,56806,114369,57573,56796,114392,57546,56846,114522,57632,56890,114931,57830,57101,115153,57963,57190,115613,58194,57419,35.0158853,126.7108524
전라남도 광양시,153335,79710,73625,152304,79213,73091,151372,78834,72538,151751,79031,72720,152576,79442,73134,152016,79189,72827,151662,79014,72648,151122,78726,72396,150848,78570,72278,150461,78387,72074,150680,78550,72130,151769,79144,72625,34.94070146,127.6958891
전라남도 담양군,46443,23666,22777,46367,23619,22748,46265,23562,22703,46122,23501,22621,46077,23463,22614,46045,23431,22614,46040,23422,22618,45980,23373,22607,45938,23350,22588,45903,23323,22580,45936,23343,22593,46280,23502,22778,35.32122516,126.9881958
전라남도 곡성군,28773,14067,14706,28696,14036,14660,28569,13955,14614,28455,13892,14563,28386,13864,14522,28340,13836,14504,28254,13808,14446,28226,13779,14447,28173,13752,14421,28106,13724,14382,28036,13692,14344,28039,13707,14332,35.2820633,127.2920961
전라남도 구례군,26214,12751,13463,26086,12687,13399,25976,12647,13329,25895,12587,13308,25851,12551,13300,25826,12523,13303,25766,12518,13248,25696,12476,13220,25650,12454,13196,25578,12434,13144,25577,12445,13132,25719,12519,13200,35.20250131,127.4627157
전라남도 고흥군,64851,31428,33423,64728,31368,33360,64581,31295,33286,64407,31244,33163,64336,31220,33116,64336,31214,33122,64273,31213,33060,64198,31179,33019,64085,31117,32968,64038,31092,32946,64013,31100,32913,63922,31051,32871,34.60477493,127.2762856
전라남도 보성군,41398,20049,21349,41329,20035,21294,41232,19992,21240,41135,19944,21191,41016,19883,21133,40939,19855,21084,40826,19828,20998,40754,19796,20958,40689,19791,20898,40611,19766,20845,40494,19727,20767,40482,19719,20763,34.77147634,127.079973
전라남도 화순군,62642,31001,31641,62529,30958,31571,62493,30938,31555,62510,30920,31590,62554,30939,31615,62654,30997,31657,62662,30996,31666,62649,30993,31656,62655,30975,31680,62562,30936,31626,62506,30896,31610,62522,30906,31616,35.06454988,126.9866674
전라남도 장흥군,38489,18667,19822,38400,18639,19761,38333,18625,19708,38225,18568,19657,38146,18526,19620,38071,18482,19589,37998,18471,19527,37909,18426,19483,37839,18372,19467,37823,18373,19450,37819,18367,19452,37800,18381,19419,34.68163168,126.9071449
전라남도 강진군,35226,16928,18298,35163,16925,18238,35161,16934,18227,35054,16886,18168,34977,16854,18123,34913,16851,18062,34858,16828,18030,34809,16794,18015,34749,16773,17976,34724,16783,17941,34670,16756,17914,34597,16715,17882,34.64205355,126.7672373
전라남도 해남군,70212,34599,35613,70018,34542,35476,69804,34459,35345,69649,34381,35268,69588,34339,35249,69465,34269,35196,69399,34243,35156,69274,34182,35092,69153,34137,35016,69118,34127,34991,68966,34040,34926,68806,33975,34831,34.57338485,126.5992923
전라남도 영암군,54484,27993,26491,54383,27926,26457,54335,27900,26435,54229,27860,26369,54224,27886,26338,54266,27892,26374,54223,27869,26354,54045,27777,26268,53998,27750,26248,53869,27704,26165,53752,27650,26102,53699,27595,26104,34.80016406,126.6967832
전라남도 무안군,81144,40675,40469,81322,40776,40546,81409,40836,40573,81412,40860,40552,81565,40920,40645,81620,40940,40680,81522,40886,40636,83006,41659,41347,84433,42377,42056,84944,42640,42304,85245,42829,42416,86132,43254,42878,34.99040352,126.481689
전라남도 함평군,32785,16371,16414,32735,16341,16394,32630,16311,16319,32519,16239,16280,32433,16211,16222,32360,16181,16179,32307,16154,16153,32238,16130,16108,32209,16116,16093,32192,16113,16079,32112,16079,16033,32050,16062,15988,35.06589788,126.5165996
전라남도 영광군,53835,26816,27019,53694,26740,26954,53625,26716,26909,53539,26693,26846,53512,26687,26825,53475,26665,26810,53440,26646,26794,53365,26601,26764,53308,26573,26735,53226,26539,26687,53183,26517,26666,53099,26468,26631,35.27718056,126.5119711
전라남도 장성군,45625,23409,22216,45595,23431,22164,45412,23357,22055,45325,23342,21983,45222,23265,21957,45203,23250,21953,45126,23172,21954,44921,23049,21872,44810,22969,21841,44620,22862,21758,44543,22816,21727,44464,22781,21683,35.3018382,126.7849389
전라남도 완도군,50630,25430,25200,50560,25415,25145,50431,25346,25085,50351,25319,25032,50245,25267,24978,50192,25246,24946,50210,25263,24947,50153,25208,24945,50065,25165,24900,50042,25156,24886,49975,25137,24838,49916,25099,24817,34.31099974,126.7549467
전라남도 진도군,30685,15096,15589,30601,15047,15554,30564,15021,15543,30511,14998,15513,30494,14988,15506,30461,14972,15489,30425,14946,15479,30385,14912,15473,30300,14889,15411,30233,14865,15368,30748,15165,15583,31227,15429,15798,34.48679563,126.2634295
전라남도 신안군,40156,21343,18813,40122,21313,18809,39906,21215,18691,39745,21104,18641,39642,21048,18594,39582,21033,18549,39490,20995,18495,39386,20967,18419,39271,20917,18354,39161,20881,18280,39009,20798,18211,38938,20769,18169,34.83357423,126.3514524
경상북도 포항시,506494,255926,250568,506162,255773,250389,505479,255465,250014,505209,255341,249868,504829,255144,249685,504461,254995,249466,504230,254899,249331,503883,254726,249157,503731,254626,249105,503456,254459,248997,503139,254299,248840,502916,254222,248694,36.01937542,129.3433639
경상북도 경주시,255253,127829,127424,254853,127687,127166,254441,127506,126935,254225,127374,126851,254035,127240,126795,253758,127101,126657,253674,127019,126655,253460,126913,126547,253396,126826,126570,253282,126760,126522,253468,126867,126601,253502,126911,126591,35.85626282,129.2248116
경상북도 김천시,140991,70637,70354,140863,70589,70274,140609,70481,70128,140418,70365,70053,140384,70371,70013,140651,70596,70055,140627,70548,70079,140511,70498,70013,140468,70504,69964,140413,70434,69979,140547,70498,70049,140548,70525,70023,36.13983232,128.1135643
경상북도 안동시,159844,79122,80722,159645,79090,80555,159338,78917,80421,159035,78720,80315,158820,78605,80215,158526,78470,80056,158765,78614,80151,158867,78653,80214,158929,78704,80225,158834,78669,80165,158803,78632,80171,158907,78661,80246,36.56831833,128.7295868
경상북도 구미시,419761,215196,204565,419296,215001,204295,418436,214573,203863,418205,214528,203677,418007,214442,203565,417480,214220,203260,417098,214052,203046,416551,213796,202755,416626,213856,202770,416722,213931,202791,416279,213634,202645,416328,213720,202608,36.1198418,128.3443068
경상북도 영주시,104985,52016,52969,104795,51927,52868,104557,51833,52724,104418,51767,52651,104236,51666,52570,104003,51573,52430,103862,51495,52367,103652,51379,52273,103503,51284,52219,103386,51227,52159,103272,51170,52102,103119,51070,52049,36.80565236,128.6238768
경상북도 영천시,102163,51918,50245,101967,51828,50139,101630,51685,49945,101828,51771,50057,101758,51745,50013,101601,51636,49965,101515,51550,49965,101523,51571,49952,101693,51667,50026,101840,51701,50139,101904,51749,50155,102015,51812,50203,35.97349135,128.9382431
경상북도 상주시,99814,48984,50830,99438,48785,50653,98967,48585,50382,98644,48383,50261,98435,48286,50149,98201,48175,50026,98038,48077,49961,97875,48001,49874,97689,47918,49771,97633,47856,49777,97483,47779,49704,97228,47634,49594,36.41095303,128.1589549
경상북도 문경시,71889,35202,36687,71778,35156,36622,71527,35038,36489,71382,34989,36393,71282,34927,36355,71683,35101,36582,71417,34984,36433,71258,34890,36368,71250,34869,36381,71318,34924,36394,71213,34874,36339,71406,35000,36406,36.58683084,128.1870005
경상북도 경산시,263229,132584,130645,263075,132513,130562,263285,132578,130707,263375,132633,130742,263286,132603,130683,263034,132471,130563,262537,132218,130319,262300,132072,130228,262311,132085,130226,262566,132200,130366,262988,132410,130578,263728,132805,130923,35.82511073,128.741326
경상북도 군위군,23821,12150,11671,23800,12151,11649,23614,12069,11545,23534,12018,11516,23477,11983,11494,23451,11971,11480,23437,11961,11476,23409,11945,11464,23345,11908,11437,23351,11923,11428,23299,11913,11386,23256,11892,11364,36.24293664,128.5728369
경상북도 의성군,52674,25792,26882,52516,25734,26782,52333,25651,26682,52236,25606,26630,52148,25545,26603,52142,25518,26624,52051,25455,26596,51940,25384,26556,51895,25372,26523,51879,25355,26524,51827,25326,26501,51724,25265,26459,36.35271338,128.6971422
경상북도 청송군,25439,12715,12724,25430,12708,12722,25340,12651,12689,25291,12636,12655,25264,12631,12633,25228,12616,12612,25161,12580,12581,25122,12558,12564,25080,12523,12557,25110,12541,12569,25077,12518,12559,25044,12482,12562,36.43628135,129.0569723
경상북도 영양군,16999,8422,8577,16946,8385,8561,16884,8346,8538,16844,8317,8527,16786,8295,8491,16748,8277,8471,16738,8271,8467,16680,8244,8436,16669,8239,8430,16670,8236,8434,16677,8246,8431,16692,8263,8429,36.66667945,129.1122616
경상북도 영덕군,37233,17704,19529,37096,17635,19461,36969,17569,19400,36845,17498,19347,36763,17457,19306,36721,17423,19298,36666,17387,19279,36591,17334,19257,36592,17335,19257,36473,17279,19194,36399,17226,19173,36313,17197,19116,36.41501475,129.3656654
경상북도 청도군,42923,21058,21865,42852,21019,21833,42727,20976,21751,42684,20937,21747,42651,20913,21738,42553,20857,21696,42512,20859,21653,42480,20863,21617,42432,20836,21596,42409,20828,21581,42332,20791,21541,42263,20775,21488,35.64740052,128.733963
경상북도 고령군,32296,16510,15786,32220,16474,15746,31968,16355,15613,31910,16308,15602,31842,16293,15549,31764,16267,15497,31602,16171,15431,31477,16110,15367,31394,16050,15344,31398,16076,15322,31378,16076,15302,31361,16074,15287,35.72611222,128.2629519
경상북도 성주군,43975,22709,21266,43904,22704,21200,43682,22604,21078,43627,22565,21062,43582,22532,21050,43488,22471,21017,43426,22449,20977,43319,22416,20903,43231,22368,20863,43205,22357,20848,43225,22349,20876,43414,22473,20941,35.91943449,128.2831702
경상북도 칠곡군,116772,60910,55862,116456,60763,55693,115924,60497,55427,115780,60414,55366,115658,60357,55301,115345,60161,55184,115177,60050,55127,114889,59903,54986,114719,59823,54896,114780,59858,54922,114951,59955,54996,114758,59828,54930,35.99558435,128.4016028
경상북도 예천군,55192,27066,28126,55401,27207,28194,55452,27261,28191,55572,27302,28270,55616,27329,28287,55750,27401,28349,55652,27369,28283,55457,27288,28169,55416,27248,28168,55437,27269,28168,55558,27330,28228,55613,27352,28261,36.64687138,128.4372484
경상북도 봉화군,32052,16119,15933,31957,16082,15875,31951,16077,15874,31889,16050,15839,31843,16019,15824,31823,16024,15799,31777,16005,15772,31701,15958,15743,31637,15922,15715,31625,15925,15700,31555,15878,15677,31494,15853,15641,36.8930961,128.7323988
경상북도 울진군,49188,24587,24601,49049,24536,24513,48957,24487,24470,48834,24410,24424,48815,24399,24416,48843,24430,24413,48789,24409,24380,48776,24399,24377,48806,24436,24370,48776,24419,24357,48743,24426,24317,48716,24441,24275,36.99308703,129.4004941
경상북도 울릉군,9521,5190,4331,9457,5160,4297,9348,5085,4263,9269,5049,4220,9243,5033,4210,9239,5026,4213,9250,5039,4211,9211,5018,4193,9191,5009,4182,9200,5030,4170,9128,4993,4135,9077,4956,4121,37.48434523,130.9057502
경상남도 창원시,1044579,529176,515403,1043874,528886,514988,1042260,528140,514120,1041553,527820,513733,1040773,527377,513396,1040118,527035,513083,1039595,526732,512863,1038677,526309,512368,1038101,526005,512096,1037709,525799,511910,1037161,525467,511694,1036738,525278,511460,35.22797503,128.6818146
경상남도 진주시,347489,171917,175572,347417,171942,175475,347546,172040,175506,347578,172050,175528,347519,172037,175482,347462,172027,175435,347317,171907,175410,347262,171852,175410,347598,171950,175648,347759,172010,175749,347795,171968,175827,348096,172107,175989,35.18030228,128.1086628
경상남도 통영시,131089,65897,65192,130735,65730,65005,130450,65612,64838,130221,65470,64751,129997,65363,64634,129711,65214,64497,129558,65125,64433,129226,64957,64269,129064,64870,64194,128835,64774,64061,128595,64656,63939,128293,64502,63791,34.85392667,128.4339955
경상남도 사천시,111845,56399,55446,111666,56318,55348,111517,56237,55280,111365,56119,55246,111268,56099,55169,111184,56072,55112,111401,56194,55207,111440,56204,55236,111442,56183,55259,111313,56105,55208,111234,56068,55166,111105,56010,55095,35.00329629,128.0642328
경상남도 김해시,542713,274438,268275,542787,274457,268330,542678,274437,268241,542929,274576,268353,543072,274740,268332,542842,274583,268259,542655,274482,268173,542538,274363,268175,542435,274295,268140,542376,274251,268125,542350,274299,268051,542338,274313,268025,35.22857717,128.8892552
경상남도 밀양시,105459,51578,53881,105457,51625,53832,105309,51571,53738,105201,51541,53660,105139,51488,53651,105133,51496,53637,105099,51484,53615,105026,51453,53573,104932,51425,53507,104924,51422,53502,104868,51374,53494,104831,51356,53475,35.50388523,128.7466943
경상남도 거제시,248130,130147,117983,247574,129959,117615,247487,129979,117508,247427,129950,117477,247096,129761,117335,246878,129682,117196,246660,129586,117074,246402,129473,116929,246231,129325,116906,246133,129230,116903,245956,129085,116871,245754,128978,116776,34.88091089,128.6218113
경상남도 양산시,351168,176291,174877,351457,176425,175032,351496,176468,175028,351383,176363,175020,351373,176340,175033,351596,176445,175151,351651,176482,175169,351691,176488,175203,351874,176549,175325,351910,176551,175359,351797,176428,175369,352229,176641,175588,35.33501899,129.0376034
경상남도 의령군,27131,13223,13908,27082,13214,13868,27040,13202,13838,26979,13173,13806,26954,13180,13774,26957,13191,13766,26902,13154,13748,26883,13153,13730,26839,13129,13710,26864,13157,13707,26818,13146,13672,26800,13140,13660,35.32219253,128.2617007
경상남도 함안군,65491,33120,32371,65277,33043,32234,65089,32964,32125,64959,32912,32047,64775,32826,31949,64724,32793,31931,64600,32748,31852,64497,32707,31790,64438,32687,31751,64351,32635,31716,64235,32576,31659,64182,32561,31621,35.2724085,128.406507
경상남도 창녕군,62182,30945,31237,62161,30941,31220,61934,30801,31133,61889,30770,31119,61873,30755,31118,61825,30708,31117,61646,30641,31005,61590,30605,30985,61478,30533,30945,61561,30574,30987,61400,30495,30905,61301,30452,30849,35.54461845,128.4922353
경상남도 고성군,52204,26174,26030,52058,26101,25957,51946,26058,25888,51918,26053,25865,51876,26048,25828,51811,26011,25800,51737,25971,25766,51630,25895,25735,51539,25847,25692,51477,25799,25678,51442,25795,25647,51361,25760,25601,34.97308291,128.3224483
경상남도 남해군,43539,20939,22600,43479,20911,22568,43351,20851,22500,43223,20795,22428,43149,20747,22402,43102,20733,22369,43021,20711,22310,42980,20687,22293,42889,20641,22248,42893,20646,22247,43033,20757,22276,42958,20707,22251,34.83768596,127.8925293
경상남도 하동군,46331,23037,23294,46146,22948,23198,45934,22875,23059,45753,22788,22965,45628,22723,22905,45454,22637,22817,45412,22621,22791,45257,22558,22699,45132,22512,22620,45033,22488,22545,44911,22422,22489,44785,22364,22421,35.06734434,127.7513032
경상남도 산청군,35336,17300,18036,35277,17275,18002,35265,17269,17996,35223,17276,17947,35152,17246,17906,35140,17236,17904,35097,17216,17881,35071,17203,17868,34978,17179,17799,34921,17159,17762,34895,17137,17758,34857,17110,17747,35.41510337,127.8738913
경상남도 함양군,39555,19058,20497,39499,19055,20444,39404,18991,20413,39377,18986,20391,39353,18973,20380,39321,18943,20378,39274,18927,20347,39236,18905,20331,39150,18879,20271,39141,18871,20270,39076,18849,20227,39080,18853,20227,35.52053795,127.7251843
경상남도 거창군,62049,30275,31774,61972,30222,31750,61822,30131,31691,61700,30067,31633,61729,30135,31594,61681,30123,31558,61578,30078,31500,61468,30013,31455,61455,29993,31462,61459,30006,31453,61409,29987,31422,61502,30082,31420,35.68666343,127.9094852
경상남도 합천군,45054,21590,23464,44910,21548,23362,44813,21511,23302,44702,21469,23233,44621,21451,23170,44515,21402,23113,44434,21368,23066,44295,21309,22986,44195,21261,22934,44172,21256,22916,44088,21210,22878,44006,21209,22797,35.56668331,128.1658663
제주특별자치도 제주시,489202,245389,243813,489456,245546,243910,489271,245378,243893,489466,245486,243980,489734,245567,244167,490254,245805,244449,490772,246023,244749,491184,246206,244978,491446,246224,245222,491949,246412,245537,492072,246407,245665,492466,246588,245878,33.49958268,126.5312361
제주특별자치도 서귀포시,181547,91842,89705,181420,91749,89671,181237,91677,89560,181129,91633,89496,181059,91544,89515,181062,91538,89524,181141,91564,89577,181340,91616,89724,181502,91708,89794,181657,91778,89879,181929,91905,90024,182169,92021,90148,33.25531026,126.5349109
