행정구역,2022년01월_총인구수,2022년01월_남자 인구수,2022년01월_여자 인구수,2022년02월_총인구수,2022년02월_남자 인구수,2022년02월_여자 인구수,2022년03월_총인구수,2022년03월_남자 인구수,2022년03월_여자 인구수,2022년04월_총인구수,2022년04월_남자 인구수,2022년04월_여자 인구수,2022년05월_총인구수,2022년05월_남자 인구수,2022년05월_여자 인구수,2022년06월_총인구수,2022년06월_남자 인구수,2022년06월_여자 인구수,2022년07월_총인구수,2022년07월_남자 인구수,2022년07월_여자 인구수,2022년08월_총인구수,2022년08월_남자 인구수,2022년08월_여자 인구수,2022년09월_총인구수,2022년09월_남자 인구수,2022년09월_여자 인구수,2022년10월_총인구수,2022년10월_남자 인구수,2022년10월_여자 인구수,2022년11월_총인구수,2022년11월_남자 인구수,2022년11월_여자 인구수,2022년12월_총인구수,2022년12월_남자 인구수,2022년12월_여자 인구수,위도,경도
서울특별시 종로구,144543,70117,74426,144575,70092,74483,144275,69911,74364,144005,69722,74283,143850,69638,74212,143624,69513,74111,143547,69463,74084,143499,69408,74091,141978,68652,73326,141861,68601,73260,141650,68488,73162,141379,68395,72984,37.57364689,126.978984
서울특별시 중구,122315,59510,62805,122167,59446,62721,122173,59448,62725,122087,59417,62670,122054,59368,62686,122088,59364,62724,122138,59360,62778,121960,59309,62651,120969,58812,62157,120648,58643,62005,120545,58610,61935,120437,58563,61874,37.5639284,126.9975517
서울특별시 용산구,222573,107050,115523,222413,106881,115532,222169,106735,115434,222009,106645,115364,222083,106666,115417,222263,106743,115520,222262,106743,115519,222230,106686,115544,219275,105385,113890,219102,105303,113799,218945,105222,113723,218650,105087,113563,37.53253057,126.9907138
서울특별시 성동구,285516,139135,146381,285137,138866,146271,285073,138847,146226,284573,138581,145992,284173,138373,145800,283821,138162,145659,283618,138046,145572,283603,138050,145553,282250,137351,144899,281694,137075,144619,281370,136901,144469,281000,136633,144367,37.56361329,127.0369234
서울특별시 광진구,340002,163993,176009,340494,164226,176268,340707,164346,176361,340396,164191,176205,340062,164091,175971,339893,163920,175973,339853,163882,175971,339567,163692,175875,338257,163038,175219,337900,162844,175056,337713,162699,175014,337416,162541,174875,37.53857836,127.0821862
서울특별시 동대문구,337419,166657,170762,337881,166852,171029,337982,166823,171159,337570,166554,171016,337443,166447,170996,337330,166348,170982,337198,166236,170962,337233,166170,171063,337106,166051,171055,337273,166113,171160,337241,166070,171171,336644,165755,170889,37.57441406,127.0398434
서울특별시 중랑구,387598,191221,196377,388606,191682,196924,389043,191835,197208,388941,191741,197200,388736,191575,197161,388509,191433,197076,388307,191193,197114,387840,190931,196909,386390,190115,196275,385976,189869,196107,385638,189747,195891,385318,189537,195781,37.60648307,127.0931308
서울특별시 성북구,430074,207333,222741,431892,208211,223681,433150,208691,224459,433331,208762,224569,433531,208802,224729,433559,208790,224769,433583,208745,224838,433386,208575,224811,431827,207715,224112,431581,207584,223997,431047,207269,223778,430397,206961,223436,37.58960402,127.0167645
서울특별시 강북구,298727,145500,153227,298074,145066,153008,297384,144643,152741,296942,144395,152547,296726,144228,152498,296653,144154,152499,296489,144107,152382,296073,143861,152212,294876,143219,151657,294429,143000,151429,293984,142776,151208,293660,142567,151093,37.6399466,127.0255077
서울특별시 도봉구,317150,154326,162824,316631,154046,162585,316098,153716,162382,315522,153445,162077,315162,153252,161910,314791,153014,161777,314662,152937,161725,313835,152495,161340,312788,152019,160769,312427,151811,160616,312053,151562,160491,311694,151398,160296,37.66898579,127.0470495
서울특별시 노원구,510805,245896,264909,510527,245744,264783,510486,245663,264823,509658,245222,264436,508867,244807,264060,508066,244387,263679,507575,244138,263437,507076,243842,263234,505503,243071,262432,505058,242826,262232,504609,242634,261975,503734,242145,261589,37.65423107,127.0565938
서울특별시 은평구,473122,226269,246853,472640,225941,246699,472259,225640,246619,473131,226009,247122,473669,226182,247487,473674,226148,247526,473529,226065,247464,472954,225732,247222,470289,224424,245865,468988,223764,245224,467851,223198,244653,466746,222592,244154,37.60291898,126.929256
서울특별시 서대문구,305113,145759,159354,305793,146045,159748,305866,145958,159908,305721,145839,159882,305615,145681,159934,305623,145663,159960,305716,145711,160005,306253,145948,160305,305149,145374,159775,305113,145287,159826,305541,145442,160099,306337,145816,160521,37.57943924,126.9365268
서울특별시 마포구,368617,173323,195294,368560,173282,195278,368331,173073,195258,367613,172724,194889,367474,172574,194900,367584,172569,195015,367473,172551,194922,367190,172317,194873,365266,171345,193921,364698,171062,193636,364374,170915,193459,364638,171043,193595,37.56628642,126.9014899
서울특별시 양천구,446895,219023,227872,446478,218786,227692,446182,218554,227628,445662,218298,227364,444925,217920,227005,444548,217704,226844,444213,217475,226738,443847,217268,226579,442145,216359,225786,441749,216133,225616,441550,216070,225480,440881,215682,225199,37.51714651,126.8665429
서울특별시 강서구,574001,276132,297869,573531,275710,297821,573046,275422,297624,572648,275101,297547,572959,275199,297760,573045,275233,297812,572814,275140,297674,572230,274771,297459,570368,273820,296548,570011,273644,296367,569456,273357,296099,569166,273203,295963,37.55110585,126.8495849
서울특별시 구로구,396515,195351,201164,396221,195164,201057,396017,195002,201015,395555,194763,200792,395146,194518,200628,394850,194304,200546,394745,194211,200534,394246,193935,200311,393181,193323,199858,394212,193834,200378,394811,194067,200744,395315,194274,201041,37.49570011,126.8876391
서울특별시 금천구,230881,116487,114394,230856,116449,114407,231098,116568,114530,231150,116598,114552,231427,116756,114671,231565,116811,114754,231522,116766,114756,231356,116653,114703,230504,116209,114295,230156,116062,114094,229890,115934,113956,229642,115786,113856,37.45695405,126.895379
서울특별시 영등포구,376949,185964,190985,376884,185824,191060,376740,185696,191044,376465,185520,190945,376290,185354,190936,376437,185460,190977,376661,185518,191143,377295,185754,191541,376216,185099,191117,375849,184845,191004,375785,184766,191019,375675,184660,191015,37.52652266,126.8962345
서울특별시 동작구,385478,186452,199026,385490,186397,199093,386017,186648,199369,385982,186558,199424,385755,186455,199300,385898,186506,199392,385746,186466,199280,385379,186268,199111,383637,185490,198147,382747,185098,197649,381704,184596,197108,380596,184030,196566,37.51261701,126.9397997
서울특별시 관악구,485610,243967,241643,486209,244287,241922,486375,244409,241966,486361,244499,241862,486686,244628,242058,486946,244722,242224,487172,244925,242247,487629,245176,242453,486787,244810,241977,487201,244980,242221,487038,244969,242069,486752,244748,242004,37.47828858,126.9514609
서울특별시 서초구,411539,196611,214928,410682,196211,214471,409823,195806,214017,408918,195389,213529,408133,195056,213077,407672,194819,212853,407346,194627,212719,406565,194249,212316,405076,193548,211528,404902,193465,211437,404704,193333,211371,404325,193159,211166,37.48375739,127.0326987
서울특별시 강남구,533173,255107,278066,533286,255159,278127,532577,254866,277711,532049,254517,277532,531744,254347,277397,531777,254333,277444,532198,254498,277700,532500,254730,277770,530103,253628,276475,529946,253570,276376,529698,253449,276249,529102,253072,276030,37.51768528,127.047386
서울특별시 송파구,658859,317556,341303,661452,318851,342601,662607,319407,343200,662963,319535,343428,662960,319461,343499,662961,319397,343564,663070,319423,343647,662599,319164,343435,660211,317972,342239,659788,317743,342045,659381,317464,341917,658801,317180,341621,37.5146405,127.105894
서울특별시 강동구,462452,226892,235560,461972,226605,235367,461300,226203,235097,461228,226057,235171,461417,226062,235355,461630,226158,235472,461774,226179,235595,462109,226311,235798,460617,225532,235085,460413,225303,235110,460258,225243,235015,460067,225221,234846,37.53028931,127.1237639
부산광역시 중구,40537,19762,20775,40582,19756,20826,40596,19754,20842,40585,19745,20840,40537,19739,20798,40455,19695,20760,40342,19633,20709,40297,19602,20695,40117,19503,20614,39936,19377,20559,39840,19323,20517,39689,19239,20450,35.10653923,129.0322797
부산광역시 서구,104863,50735,54128,104618,50597,54021,104323,50454,53869,103961,50263,53698,103810,50156,53654,104340,50385,53955,104755,50588,54167,105386,50904,54482,105380,50917,54463,105358,50911,54447,105286,50866,54420,105192,50801,54391,35.09811743,129.0242148
부산광역시 동구,87906,42975,44931,88245,43132,45113,88283,43152,45131,88257,43114,45143,88222,43073,45149,88087,43010,45077,87851,42888,44963,87701,42811,44890,87103,42590,44513,86948,42512,44436,86670,42381,44289,86462,42249,44213,35.12951925,129.0454126
부산광역시 영도구,110425,54372,56053,109991,54185,55806,109660,54032,55628,109407,53883,55524,109460,53912,55548,109395,53890,55505,109327,53854,55473,109131,53773,55358,108699,53519,55180,108505,53391,55114,108294,53300,54994,108156,53223,54933,35.09140559,129.0678947
부산광역시 부산진구,352462,169873,182589,351764,169496,182268,351154,169185,181969,351022,169057,181965,350977,168938,182039,350999,168924,182075,351436,169171,182265,351682,169220,182462,351125,168896,182229,353568,170113,183455,355302,170933,184369,355917,171141,184776,35.16304228,129.0530903
부산광역시 동래구,270338,131400,138938,273802,132969,140833,274134,133108,141026,273976,132996,140980,273996,132891,141105,274491,133105,141386,274769,133237,141532,274638,133118,141520,274136,132849,141287,273790,132632,141158,273447,132440,141007,273226,132296,140930,35.1967203,129.0930973
부산광역시 남구,261209,127568,133641,260624,127295,133329,260581,127279,133302,260617,127312,133305,260261,127119,133142,259735,126854,132881,259135,126545,132590,258660,126282,132378,257934,125901,132033,257147,125514,131633,256647,125279,131368,256333,125118,131215,35.1367524,129.0844303
부산광역시 북구,282535,139412,143123,281749,139012,142737,281198,138719,142479,280852,138535,142317,280647,138423,142224,280511,138319,142192,280268,138159,142109,280116,138068,142048,279964,137948,142016,279770,137808,141962,279303,137544,141759,278857,137274,141583,35.19746596,128.9902986
부산광역시 해운대구,395788,190236,205552,394792,189702,205090,393809,189199,204610,393130,188911,204219,392110,188341,203769,391311,187906,203405,390782,187632,203150,389841,187116,202725,388393,186392,202001,387840,186088,201752,387297,185775,201522,386785,185514,201271,35.16335254,129.1638847
부산광역시 사하구,305922,152112,153810,306098,152207,153891,305762,152051,153711,305556,151933,153623,305393,151882,153511,305008,151650,153358,304583,151431,153152,304029,151136,152893,303143,150648,152495,302844,150467,152377,302450,150279,152171,301987,150009,151978,35.1045808,128.9749752
부산광역시 금정구,226875,110929,115946,226029,110501,115528,225608,110301,115307,225033,110036,114997,224746,109848,114898,224173,109562,114611,223713,109328,114385,223430,109221,114209,222783,108883,113900,222264,108623,113641,221647,108294,113353,221256,108085,113171,35.2430003,129.0921739
부산광역시 강서구,143098,74123,68975,143227,74161,69066,143429,74223,69206,143638,74360,69278,143914,74534,69380,144047,74626,69421,144071,74610,69461,143925,74559,69366,143727,74511,69216,143611,74470,69141,143360,74332,69028,143207,74248,68959,35.21241036,128.9804872
부산광역시 연제구,207342,99861,107481,207178,99714,107464,206932,99549,107383,206677,99362,107315,206506,99264,107242,206145,99094,107051,205895,98940,106955,205515,98721,106794,204869,98338,106531,204377,98070,106307,203871,97791,106080,203536,97604,105932,35.17640584,129.0796413
부산광역시 수영구,174867,82492,92375,174838,82451,92387,174661,82299,92362,174633,82285,92348,174665,82297,92368,174739,82321,92418,174709,82270,92439,174596,82182,92414,174275,82009,92266,174694,82180,92514,174907,82218,92689,174806,82144,92662,35.14574351,129.1131838
부산광역시 사상구,207772,104769,103003,207138,104446,102692,206804,104217,102587,206365,103983,102382,206099,103841,102258,205765,103672,102093,205287,103386,101901,204769,103106,101663,203957,102656,101301,203331,102331,101000,203496,102404,101092,203789,102544,101245,35.15280367,128.9911898
부산광역시 기장군,176935,87588,89347,176721,87487,89234,176570,87436,89134,176505,87395,89110,176824,87567,89257,177536,87931,89605,177672,87971,89701,177728,88002,89726,178221,88224,89997,178303,88262,90041,178459,88327,90132,178614,88426,90188,35.24482811,129.2222634
대구광역시 중구,74786,35926,38860,74710,35870,38840,75704,36335,39369,77842,37357,40485,78703,37767,40936,78984,37920,41064,79014,37950,41064,78923,37880,41043,78768,37802,40966,79241,38004,41237,79722,38215,41507,80199,38460,41739,35.86947505,128.6060564
대구광역시 동구,341710,167954,173756,341730,167994,173736,341498,167817,173681,341142,167669,173473,341070,167633,173437,341126,167608,173518,340847,167446,173401,340440,167192,173248,340171,167111,173060,340213,167121,173092,340050,167053,172997,339530,166741,172789,35.88681859,128.6355584
대구광역시 서구,164127,82007,82120,163588,81680,81908,163042,81419,81623,162325,81051,81274,161790,80748,81042,161542,80623,80919,161928,80783,81145,161802,80685,81117,161169,80344,80825,160802,80125,80677,160343,79869,80474,159827,79580,80247,35.87200214,128.5592204
대구광역시 남구,142753,68566,74187,142558,68464,74094,142437,68361,74076,141805,68045,73760,141520,67867,73653,141285,67750,73535,141586,67857,73729,141643,67896,73747,141590,67896,73694,141822,67971,73851,141773,67967,73806,141519,67842,73677,35.84618324,128.5973754
대구광역시 북구,437023,217416,219607,436613,217176,219437,437284,217599,219685,436386,217065,219321,435869,216758,219111,435131,216414,218717,434250,215982,218268,433551,215620,217931,432558,215056,217502,432087,214817,217270,431703,214593,217110,430912,214151,216761,35.88430565,128.5815912
대구광역시 수성구,416706,201531,215175,416496,201368,215128,415829,201055,214774,415694,200938,214756,415306,200715,214591,414917,200508,214409,414439,200275,214164,413675,199865,213810,412775,199411,213364,412302,199183,213119,411794,198904,212890,411553,198731,212822,35.85823498,128.6305627
대구광역시 달서구,544366,268134,276232,543469,267631,275838,542328,267015,275313,540693,266123,274570,539528,265471,274057,539024,265202,273822,538838,265089,273749,538727,264982,273745,537705,264360,273345,537179,264106,273073,536927,263940,272987,536989,263961,273028,35.82992525,128.5326441
대구광역시 달성군,262387,133133,129254,261931,132856,129075,262372,133031,129341,262686,133203,129483,262890,133350,129540,263297,133546,129751,263218,133463,129755,263175,133444,129731,262999,133346,129653,263206,133401,129805,263307,133483,129824,263162,133399,129763,35.77475899,128.4313244
인천광역시 중구,144088,74902,69186,144935,75334,69601,145672,75700,69972,146380,76038,70342,147093,76413,70680,147705,76777,70928,148626,77212,71414,149164,77481,71683,150353,78068,72285,151310,78591,72719,152265,79050,73215,152931,79359,73572,37.47393798,126.6215171
인천광역시 동구,61222,30841,30381,60848,30647,30201,60382,30427,29955,59856,30149,29707,59322,29892,29430,59017,29742,29275,58819,29646,29173,58612,29538,29074,58423,29421,29002,58574,29502,29072,58809,29603,29206,58999,29691,29308,37.4740331,126.6432655
인천광역시 미추홀구,407353,205146,202207,407131,205029,202102,406943,204926,202017,406835,204830,202005,407253,205062,202191,407180,204996,202184,406892,204857,202035,407874,205350,202524,407167,204987,202180,407190,204936,202254,406723,204666,202057,406004,204354,201650,37.46365763,126.6502865
인천광역시 연수구,389263,193216,196047,388461,192816,195645,388732,192994,195738,388284,192852,195432,387789,192562,195227,387303,192281,195022,386740,192010,194730,386257,191747,194510,385910,191607,194303,385884,191609,194275,385955,191595,194360,385796,191405,194391,37.41037273,126.678298
인천광역시 남동구,517894,257279,260615,516859,256765,260094,516176,256441,259735,515474,256042,259432,513965,255275,258690,512645,254637,258008,511709,254161,257548,509710,253164,256546,508213,252454,255759,507567,252102,255465,506911,251761,255150,506181,251394,254787,37.44725267,126.7314723
인천광역시 부평구,486445,240164,246281,485656,239739,245917,484844,239260,245584,484125,238881,245244,486216,239886,246330,488095,240774,247321,489374,241434,247940,490558,242032,248526,489286,241410,247876,489329,241434,247895,489137,241344,247793,489118,241285,247833,37.50724197,126.7218691
인천광역시 계양구,295450,147196,148254,294795,146824,147971,294201,146537,147664,293734,146343,147391,293506,146230,147276,292985,145966,147019,292437,145702,146735,291779,145342,146437,290559,144736,145823,290068,144500,145568,289520,144233,145287,288856,143881,144975,37.53757116,126.7377225
인천광역시 서구,557342,281427,275915,562119,283761,278358,565436,285395,280041,568102,286713,281389,569494,287422,282072,571547,288573,282974,575323,290424,284899,578529,291993,286536,579650,292503,287147,581974,293656,288318,585036,295159,289877,589013,297120,291893,37.54548073,126.6760045
인천광역시 강화군,69748,34896,34852,69801,34923,34878,69780,34932,34848,69881,34963,34918,69940,34993,34947,70033,35006,35027,70064,35021,35043,70014,34990,35024,69897,34946,34951,69809,34899,34910,69805,34904,34901,69803,34918,34885,37.74685272,126.4878739
인천광역시 옹진군,20345,11596,8749,20373,11594,8779,20533,11660,8873,20589,11703,8886,20589,11693,8896,20556,11680,8876,20596,11710,8886,20620,11733,8887,20639,11764,8875,20683,11797,8886,20659,11788,8871,20613,11768,8845,37.44668379,126.6368011
광주광역시 동구,103466,51014,52452,103299,50943,52356,103081,50834,52247,102984,50780,52204,102936,50776,52160,103233,50901,52332,103432,51019,52413,105137,51904,53233,105688,52173,53515,105798,52235,53563,105845,52287,53558,105909,52305,53604,35.14615419,126.9231381
광주광역시 서구,291235,142697,148538,290550,142303,148247,289789,141932,147857,289341,141697,147644,288703,141389,147314,288120,141070,147050,287748,140896,146852,288100,141100,147000,288043,141076,146967,287720,140932,146788,287607,140850,146757,287401,140726,146675,35.15217985,126.8899468
광주광역시 남구,215739,103653,112086,215454,103497,111957,215008,103265,111743,214848,103227,111621,215251,103427,111824,215274,103419,111855,215129,103306,111823,214411,102917,111494,213653,102536,111117,213079,102250,110829,212701,102042,110659,212379,101881,110498,35.13321296,126.9022115
광주광역시 북구,426877,211893,214984,427139,211986,215153,427178,211901,215277,426745,211625,215120,426329,211436,214893,426053,211247,214806,425881,211137,214744,424715,210550,214165,423743,209989,213754,424720,210413,214307,425001,210566,214435,424707,210416,214291,35.17438289,126.9121844
광주광역시 광산구,404319,203780,200539,403590,203470,200120,403407,203357,200050,402998,203195,199803,402793,203034,199759,402698,203048,199650,402513,202947,199566,402034,202619,199415,401729,202474,199255,401334,202289,199045,400895,202070,198825,400654,201971,198683,35.13977662,126.7937594
대전광역시 동구,221592,111632,109960,221300,111522,109778,220860,111261,109599,220313,110985,109328,220920,111265,109655,221043,111349,109694,220889,111260,109629,220724,111184,109540,220511,111038,109473,220286,110918,109368,220102,110788,109314,219751,110590,109161,36.31203163,127.4548059
대전광역시 중구,229555,113073,116482,229283,112856,116427,229497,112944,116553,229531,112971,116560,229089,112787,116302,229570,112994,116576,229712,113004,116708,229092,112685,116407,228198,112165,116033,227934,112058,115876,227500,111878,115622,227108,111703,115405,36.32576074,127.4213595
대전광역시 서구,473019,232482,240537,472935,232428,240507,472417,232247,240170,471907,231995,239912,471247,231667,239580,470332,231167,239165,469987,230978,239009,471029,231500,239529,470852,231448,239404,471112,231541,239571,471033,231423,239610,470374,230998,239376,36.35552081,127.3838132
대전광역시 유성구,351622,177638,173984,351887,177825,174062,351989,177768,174221,352557,178115,174442,352826,178219,174607,352844,178251,174593,353151,178438,174713,353263,178602,174661,353449,178734,174715,354066,179101,174965,354845,179518,175327,356093,180166,175927,36.36246979,127.3561992
대전광역시 대덕구,175484,89201,86283,175457,89181,86276,175294,89141,86153,175052,88997,86055,174851,88902,85949,174612,88756,85856,174443,88686,85757,174132,88515,85617,173592,88219,85373,173465,88127,85338,173269,88002,85267,172746,87788,84958,36.34692581,127.4155614
울산광역시 중구,212502,107574,104928,211948,107338,104610,211523,107106,104417,211249,106981,104268,210786,106713,104073,210354,106499,103855,210115,106362,103753,209642,106090,103552,209120,105786,103334,208846,105633,103213,208508,105430,103078,208132,105257,102875,35.56970355,129.3327733
울산광역시 남구,313427,159866,153561,312885,159629,153256,312328,159320,153008,312148,159223,152925,312230,159332,152898,312159,159220,152939,311849,158978,152871,311396,158726,152670,310955,158484,152471,310784,158411,152373,310737,158441,152296,310638,158374,152264,35.54394782,129.330126
울산광역시 동구,153975,80358,73617,153592,80173,73419,153330,80087,73243,153164,79975,73189,152971,79863,73108,152691,79728,72963,152560,79643,72917,152322,79515,72807,152008,79373,72635,151986,79365,72621,151945,79337,72608,151711,79162,72549,35.50516123,129.4167348
울산광역시 북구,219121,113418,105703,219067,113338,105729,219052,113319,105733,218947,113264,105683,218738,113111,105627,218742,113131,105611,218637,113082,105555,218489,112951,105538,218447,112939,105508,218539,112940,105599,218635,112961,105674,218670,112993,105677,35.582905,129.3612179
울산광역시 울주군,222075,114723,107352,221954,114687,107267,221777,114612,107165,221696,114541,107155,221757,114600,107157,221663,114574,107089,221592,114550,107042,221609,114585,107024,221661,114666,106995,221552,114611,106941,221546,114587,106959,221512,114582,106930,35.52252665,129.2425116
세종특별자치시 세종특별자치시,374377,186907,187470,376399,187858,188541,377296,188356,188940,378196,188778,189418,379340,189302,190038,380215,189723,190492,380889,190038,190851,381439,190276,191163,381925,190541,191384,382258,190683,191575,382770,190987,191783,383591,191389,192202,36.48045322,127.2892442
경기도 수원시,1184404,596225,588179,1184996,596672,588324,1185569,597078,588491,1185560,597105,588455,1185041,596940,588101,1185044,596982,588062,1185184,597003,588181,1186961,597881,589080,1188234,598490,589744,1189654,599198,590456,1190368,599508,590860,1190964,599619,591345,37.26355925,127.0285973
경기도 성남시,931072,461251,469821,930731,461160,469571,929463,460404,469059,928267,459808,468459,927340,459333,468007,926645,458946,467699,925981,458652,467329,924333,457808,466525,920903,456041,464862,920667,455970,464697,920362,455768,464594,922518,456882,465636,37.42022748,127.1266546
경기도 의정부시,463877,228582,235295,463977,228565,235412,464262,228528,235734,464358,228485,235873,464397,228500,235897,464171,228370,235801,463934,228267,235667,464310,228406,235904,463160,227867,235293,463324,227935,235389,463789,228148,235641,463724,228107,235617,37.73825019,127.033733
경기도 안양시,548654,271291,277363,549827,271807,278020,549826,271787,278039,549724,271732,277992,549917,271772,278145,549659,271606,278053,549457,271483,277974,548938,271203,277735,547968,270778,277190,548372,270992,277380,548398,270992,277406,548228,270878,277350,37.39453744,126.9568463
경기도 부천시,804990,398884,406106,803585,398181,405404,802473,397553,404920,801503,397002,404501,800174,396345,403829,798999,395747,403252,797855,395197,402658,796575,394605,401970,793519,393010,400509,792561,392472,400089,791263,391769,399494,790128,391102,399026,37.50375321,126.7658326
경기도 광명시,292214,144045,148169,291331,143619,147712,290698,143260,147438,290756,143275,147481,290726,143210,147516,290501,143076,147425,290351,142982,147369,289887,142737,147150,288933,142236,146697,288366,141961,146405,288182,141784,146398,287945,141632,146313,37.47867555,126.8646736
경기도 평택시,565827,294957,270870,567411,295924,271487,568405,296567,271838,569369,297227,272142,570868,298058,272810,572548,299111,273437,573987,299953,274034,575007,300748,274259,575032,301038,273994,576192,301796,274396,577335,302598,274737,578529,303283,275246,36.99245752,127.112695
경기도 동두천시,93527,46663,46864,93395,46607,46788,93346,46590,46756,93260,46540,46720,93189,46501,46688,92999,46398,46601,92840,46318,46522,92744,46252,46492,92084,45934,46150,91980,45875,46105,91735,45737,45998,91546,45673,45873,37.90370032,127.061145
경기도 안산시,652036,334331,317705,651419,334081,317338,651153,333951,317202,650708,333727,316981,649776,333233,316543,648849,332725,316124,648164,332307,315857,647266,331906,315360,645952,331241,314711,644583,330483,314100,643044,329635,313409,641660,328940,312720,37.32203062,126.8308388
경기도 고양시,1078924,527754,551170,1078772,527475,551297,1079065,527547,551518,1079277,527548,551729,1078975,527265,551710,1078559,526937,551622,1078189,526724,551465,1077198,526156,551042,1074705,524853,549852,1074784,524837,549947,1075202,524999,550203,1076535,525741,550794,37.65830361,126.832016
경기도 과천시,76139,37479,38660,77632,38213,39419,78128,38430,39698,78301,38528,39773,78414,38548,39866,78532,38605,39927,78645,38655,39990,78657,38666,39991,78231,38467,39764,77818,38251,39567,77775,38224,39551,78137,38416,39721,37.42927348,126.9875979
경기도 구리시,191660,95043,96617,191322,94831,96491,191213,94779,96434,191011,94668,96343,190647,94493,96154,190379,94318,96061,190323,94287,96036,189960,94045,95915,189231,93716,95515,189008,93626,95382,188876,93537,95339,188701,93442,95259,37.5944714,127.1297639
경기도 남양주시,734013,365168,368845,733995,365147,368848,734033,365062,368971,734642,365264,369378,735547,365710,369837,736212,366068,370144,736864,366308,370556,737059,366331,370728,737059,366306,370753,737352,366348,371004,737366,366323,371043,737353,366261,371092,37.61055247,127.1711945
경기도 오산시,229973,119451,110522,229909,119393,110516,229918,119410,110508,230028,119526,110502,230011,119574,110437,230165,119696,110469,230181,119711,110470,230142,119699,110443,229797,119561,110236,229821,119603,110218,229833,119600,110233,229849,119646,110203,37.14993516,127.0770233
경기도 시흥시,512092,267436,244656,511839,267286,244553,512455,267788,244667,512721,267980,244741,513653,268378,245275,513928,268455,245473,513768,268347,245421,513331,268101,245230,512331,267615,244716,512168,267503,244665,512438,267637,244801,512912,267861,245051,37.38014281,126.8028693
경기도 군포시,267941,132899,135042,267294,132546,134748,267173,132531,134642,267493,132695,134798,267659,132808,134851,267712,132818,134894,267672,132798,134874,267651,132817,134834,267032,132542,134490,266735,132379,134356,266531,132304,134227,266213,132165,134048,37.36160744,126.9352653
경기도 의왕시,163040,80966,82074,162761,80826,81935,162493,80678,81815,162137,80496,81641,161696,80259,81437,161334,80052,81282,161296,80018,81278,161047,79909,81138,160759,79758,81001,160563,79640,80923,160464,79541,80923,160221,79417,80804,37.34496964,126.9687218
경기도 하남시,321043,160622,160421,322697,161351,161346,323442,161709,161733,323558,161759,161799,323675,161833,161842,323790,161887,161903,323674,161761,161913,323472,161608,161864,323853,161778,162075,324674,162159,162515,325310,162437,162873,326059,162773,163286,37.53923662,127.2145653
경기도 용인시,1076830,534163,542667,1076339,533912,542427,1075784,533595,542189,1075877,533650,542227,1076530,534143,542387,1077609,534851,542758,1078451,535438,543013,1078751,535640,543111,1077111,534734,542377,1076369,534236,542133,1075570,533662,541908,1074971,533323,541648,37.24071642,127.177274
경기도 파주시,484729,245879,238850,485672,246377,239295,486131,246706,239425,486515,246910,239605,486872,247137,239735,487831,247681,240150,488608,248071,240537,490143,248876,241267,492267,249924,242343,493938,250677,243261,494970,251183,243787,495315,251334,243981,37.75946605,126.7803264
경기도 이천시,222997,115704,107293,222655,115556,107099,222714,115639,107075,222722,115649,107073,222948,115858,107090,223948,116438,107510,224603,116851,107752,224616,116895,107721,224225,116689,107536,224077,116626,107451,223151,116138,107013,222721,115925,106796,37.27224558,127.435023
경기도 안성시,189510,97864,91646,189535,97918,91617,189539,97908,91631,189772,98093,91679,189969,98127,91842,189988,98110,91878,190160,98165,91995,190126,98161,91965,189648,97942,91706,189475,97870,91605,189146,97702,91444,188842,97581,91261,37.00786318,127.2798342
경기도 김포시,486651,243429,243222,486334,243242,243092,485882,243002,242880,485609,242877,242732,485453,242809,242644,485395,242718,242677,484972,242449,242523,484310,242154,242156,483845,241842,242003,484071,241884,242187,484194,241926,242268,484267,241904,242363,37.61533178,126.7154295
경기도 화성시,887910,461279,426631,889398,462137,427261,890668,462876,427792,892038,463590,428448,894587,465017,429570,896147,465868,430279,897883,466793,431090,899334,467557,431777,900294,468038,432256,904267,470143,434124,907958,471943,436015,910814,473507,437307,37.19943362,126.8315556
경기도 광주시,387563,197738,189825,387646,197783,189863,388213,198100,190113,388893,198452,190441,389483,198743,190740,389876,198918,190958,390246,199090,191156,391131,199571,191560,391460,199709,191751,391722,199848,191874,391704,199833,191871,391462,199707,191755,37.4294162,127.2551636
경기도 양주시,236284,119759,116525,236327,119794,116533,236239,119761,116478,236142,119703,116439,236120,119676,116444,237156,120188,116968,237889,120561,117328,238734,120947,117787,239287,121215,118072,239697,121383,118314,241346,122157,119189,243432,123173,120259,37.78529546,127.04579
경기도 포천시,148867,78888,69979,148765,78859,69906,148527,78764,69763,148469,78734,69735,148326,78631,69695,148066,78483,69583,147902,78374,69528,147735,78294,69441,147340,78049,69291,147171,77965,69206,147019,77866,69153,146701,77707,68994,37.89490568,127.200311
경기도 여주시,112353,57131,55222,112469,57214,55255,112393,57167,55226,112410,57176,55234,112558,57241,55317,112639,57300,55339,112731,57340,55391,112800,57360,55440,112850,57385,55465,113027,57467,55560,113096,57514,55582,113150,57567,55583,37.29818024,127.6366015
경기도 연천군,42739,22416,20323,42725,22402,20323,42784,22452,20332,42731,22438,20293,42675,22420,20255,42625,22394,20231,42584,22365,20219,42542,22343,20199,42364,22245,20119,42240,22187,20053,42153,22154,19999,42062,22113,19949,38.09636868,127.0750663
경기도 가평군,62291,32135,30156,62247,32105,30142,62221,32070,30151,62168,32046,30122,62224,32068,30156,62306,32135,30171,62297,32127,30170,62382,32191,30191,62249,32123,30126,62219,32112,30107,62197,32097,30100,62150,32102,30048,37.8312274,127.509577
경기도 양평군,121300,60885,60415,121364,60919,60445,121726,61138,60588,121789,61176,60613,122046,61338,60708,122355,61515,60840,122671,61743,60928,122914,61890,61024,122630,61730,60900,122613,61725,60888,122463,61593,60870,122323,61495,60828,37.49165875,127.4874649
강원도 춘천시,284933,140699,144234,285202,140856,144346,285372,140874,144498,285575,140937,144638,285738,141017,144721,285907,141081,144826,286050,141161,144889,286352,141349,145003,286371,141360,145011,286466,141392,145074,286535,141417,145118,286664,141490,145174,37.88126781,127.7299743
강원도 원주시,358127,177567,180560,358647,177793,180854,358659,177773,180886,358838,177888,180950,359229,178072,181157,359596,178256,181340,359888,178436,181452,360051,178471,181580,360204,178585,181619,360581,178792,181789,360722,178845,181877,360807,178880,181927,37.34200542,127.9196968
강원도 강릉시,212907,105648,107259,212767,105554,107213,212642,105514,107128,212526,105472,107054,212414,105385,107029,212277,105308,106969,212260,105312,106948,212099,105222,106877,211867,105102,106765,211742,105042,106700,211541,104929,106612,211381,104845,106536,37.75192033,128.8758988
강원도 동해시,90045,45754,44291,89950,45713,44237,89804,45651,44153,89674,45580,44094,89618,45558,44060,89574,45553,44021,89683,45584,44099,89699,45612,44087,89465,45494,43971,89421,45439,43982,89402,45435,43967,89426,45423,44003,37.52501602,129.1144366
강원도 태백시,40750,20600,20150,40515,20489,20026,40331,20392,19939,40266,20368,19898,40163,20299,19864,40085,20259,19826,40029,20232,19797,39940,20184,19756,39637,19992,19645,39553,19948,19605,39503,19918,19585,39428,19881,19547,37.16407866,128.9857267
강원도 속초시,82771,41050,41721,82790,41074,41716,82737,41042,41695,82691,41009,41682,82725,41037,41688,82848,41100,41748,83035,41174,41861,82974,41131,41843,82824,41069,41755,82781,41034,41747,82795,41029,41766,82806,41037,41769,38.20736378,128.5922346
강원도 삼척시,63458,32059,31399,63730,32214,31516,64264,32486,31778,64296,32525,31771,64216,32487,31729,64165,32450,31715,64046,32390,31656,63760,32285,31475,63753,32318,31435,63687,32280,31407,63607,32236,31371,63455,32156,31299,37.44998132,129.1653894
강원도 홍천군,68251,35130,33121,68177,35111,33066,68047,35040,33007,67959,34968,32991,67915,34932,32983,67884,34908,32976,67784,34840,32944,67789,34835,32954,67738,34824,32914,67830,34859,32971,67881,34870,33011,67977,34954,33023,37.69715594,127.8887666
강원도 횡성군,46436,23833,22603,46459,23837,22622,46401,23803,22598,46595,23926,22669,46560,23905,22655,46546,23903,22643,46555,23891,22664,46543,23894,22649,46504,23852,22652,46516,23872,22644,46498,23864,22634,46532,23877,22655,37.49171366,127.9849703
강원도 영월군,37893,19607,18286,37954,19645,18309,38003,19698,18305,37970,19686,18284,37963,19678,18285,37934,19657,18277,37909,19633,18276,37904,19634,18270,37860,19617,18243,37797,19582,18215,37802,19562,18240,37728,19509,18219,37.18370855,128.4617516
강원도 평창군,41120,21148,19972,41162,21182,19980,41136,21204,19932,41084,21189,19895,41149,21231,19918,41150,21222,19928,41153,21219,19934,41112,21206,19906,41033,21176,19857,40982,21159,19823,40980,21174,19806,40990,21176,19814,37.37075556,128.3902789
강원도 정선군,35634,18537,17097,35527,18492,17035,35446,18474,16972,35401,18460,16941,35382,18456,16926,35334,18449,16885,35282,18423,16859,35210,18372,16838,35072,18324,16748,35027,18304,16723,34953,18274,16679,34931,18264,16667,37.38061264,128.6608105
강원도 철원군,43166,22356,20810,43044,22291,20753,42964,22254,20710,42916,22245,20671,42829,22190,20639,42789,22160,20629,42715,22119,20596,42655,22082,20573,42520,22016,20504,42500,21999,20501,42394,21940,20454,42256,21863,20393,38.14658472,127.3125482
강원도 화천군,24105,13102,11003,24094,13082,11012,24046,13039,11007,24050,13024,11026,24029,13004,11025,23961,12948,11013,23864,12874,10990,23806,12826,10980,23731,12786,10945,23620,12713,10907,23520,12664,10856,23388,12560,10828,38.10624708,127.7080903
강원도 양구군,21705,11442,10263,21651,11396,10255,21701,11402,10299,21700,11398,10302,21635,11359,10276,21607,11327,10280,21555,11303,10252,21522,11291,10231,21438,11253,10185,21449,11251,10198,21395,11233,10162,21383,11215,10168,38.10999021,127.9899381
강원도 인제군,32236,17514,14722,32192,17504,14688,32216,17527,14689,32198,17519,14679,32173,17501,14672,32177,17493,14684,32198,17499,14699,32213,17518,14695,32183,17501,14682,32135,17477,14658,32152,17485,14667,32206,17529,14677,38.06952159,128.1697635
강원도 고성군,27257,14047,13210,27326,14091,13235,27366,14111,13255,27382,14123,13259,27384,14116,13268,27331,14098,13233,27316,14084,13232,27264,14036,13228,27311,14071,13240,27393,14121,13272,27320,14090,13230,27274,14060,13214,38.38058598,128.4678781
강원도 양양군,27866,14222,13644,27864,14219,13645,27901,14238,13663,27917,14245,13672,27883,14231,13652,27899,14233,13666,27856,14213,13643,27908,14245,13663,27885,14236,13649,27859,14227,13632,27863,14217,13646,27866,14228,13638,38.07537941,128.6190796
충청북도 청주시,848797,428057,420740,849029,428231,420798,848875,428136,420739,848795,428161,420634,848727,428202,420525,849003,428367,420636,849083,428527,420556,849290,428770,420520,849100,428755,420345,849207,428830,420377,849388,428993,420395,849573,429208,420365,36.64246074,127.4891116
충청북도 충주시,209368,105933,103435,209159,105853,103306,208946,105760,103186,208865,105738,103127,208744,105705,103039,208728,105727,103001,208725,105692,103033,208604,105644,102960,208487,105588,102899,208415,105552,102863,208346,105521,102825,208277,105478,102799,36.99091676,127.9257467
충청북도 제천시,131407,66113,65294,131498,66139,65359,132416,66625,65791,132243,66545,65698,132131,66450,65681,131969,66343,65626,131816,66247,65569,131693,66190,65503,131356,66020,65336,131360,65996,65364,131216,65939,65277,130988,65833,65155,37.13259287,128.1908895
충청북도 보은군,31871,16071,15800,31812,16035,15777,31800,16034,15766,31792,16042,15750,31807,16047,15760,31798,16034,15764,31770,16025,15745,31714,15987,15727,31587,15934,15653,31524,15908,15616,31491,15886,15605,31455,15877,15578,36.48945062,127.7295675
충청북도 옥천군,50020,25208,24812,49959,25177,24782,49887,25159,24728,49934,25182,24752,49919,25183,24736,49914,25187,24727,49934,25213,24721,49853,25154,24699,49650,25046,24604,49591,25002,24589,49547,24980,24567,49520,24974,24546,36.30634045,127.5712259
충청북도 영동군,45692,22764,22928,45548,22686,22862,45536,22682,22854,45509,22686,22823,45457,22657,22800,45345,22615,22730,45321,22618,22703,45281,22603,22678,45217,22573,22644,45126,22541,22585,45044,22517,22527,44956,22486,22470,36.17489697,127.7833915
충청북도 증평군,36583,19081,17502,36729,19139,17590,36822,19192,17630,36916,19222,17694,37003,19240,17763,37024,19237,17787,37112,19292,17820,37184,19338,17846,37213,19333,17880,37247,19351,17896,37273,19389,17884,37262,19387,17875,36.78528798,127.5814568
충청북도 진천군,85458,44861,40597,85557,44946,40611,85596,45006,40590,85625,45059,40566,85671,45112,40559,85817,45233,40584,85914,45290,40624,85921,45309,40612,85947,45341,40606,86082,45422,40660,86120,45439,40681,86147,45488,40659,36.85487116,127.4357457
충청북도 괴산군,37525,19313,18212,37405,19271,18134,37323,19240,18083,37301,19233,18068,37323,19241,18082,37262,19216,18046,37163,19148,18015,37110,19119,17991,37005,19073,17932,37031,19084,17947,37018,19065,17953,37055,19082,17973,36.8153505,127.7866016
충청북도 음성군,92113,48837,43276,92171,48901,43270,92155,48905,43250,92175,48936,43239,92186,48939,43247,92240,48951,43289,92311,49014,43297,92277,48986,43291,92199,48932,43267,92133,48898,43235,92035,48858,43177,92058,48849,43209,36.94021058,127.6904771
충청북도 단양군,28263,14310,13953,28155,14271,13884,28128,14265,13863,28129,14259,13870,28065,14233,13832,28018,14217,13801,28014,14220,13794,27959,14189,13770,27863,14146,13717,27862,14163,13699,27806,14144,13662,27767,14120,13647,36.98510421,128.3655621
충청남도 천안시,658150,336552,321598,656925,335951,320974,656702,335893,320809,657080,336080,321000,657241,336249,320992,657214,336296,320918,657418,336389,321029,657612,336524,321088,657210,336312,320898,657701,336644,321057,657821,336790,321031,657559,336716,320843,36.81508793,127.1139222
충청남도 공주시,103021,51423,51598,102960,51419,51541,103214,51566,51648,103174,51521,51653,103090,51489,51601,102997,51451,51546,102922,51398,51524,102917,51379,51538,102848,51342,51506,102768,51294,51474,102651,51258,51393,102571,51231,51340,36.44652532,127.1190088
충청남도 보령시,98142,49781,48361,97967,49672,48295,97959,49663,48296,97932,49644,48288,97842,49603,48239,97779,49557,48222,97704,49512,48192,97532,49454,48078,97402,49378,48024,97268,49291,47977,97188,49231,47957,97157,49237,47920,36.33347359,126.6127756
충청남도 아산시,325412,169380,156032,327717,170587,157130,328576,171025,157551,329043,171323,157720,329684,171704,157980,330516,172160,158356,331190,172507,158683,331806,172844,158962,332361,173123,159238,332790,173385,159405,333602,173842,159760,334539,174333,160206,36.78992729,127.0024922
충청남도 서산시,176630,92088,84542,176559,92057,84502,176452,91992,84460,176435,92011,84424,176407,92003,84404,176416,92007,84409,176477,92012,84465,176512,92059,84453,176291,91955,84336,176312,91940,84372,176440,92003,84437,176413,92011,84402,36.78478317,126.4503368
충청남도 논산시,114430,57108,57322,114340,57064,57276,114043,56929,57114,113871,56839,57032,113659,56722,56937,113552,56684,56868,113473,56637,56836,113323,56572,56751,113018,56397,56621,112939,56356,56583,112842,56321,56521,112617,56237,56380,36.18720384,127.0986769
충청남도 계룡시,43338,21593,21745,43473,21681,21792,43419,21666,21753,43475,21710,21765,43509,21720,21789,43547,21717,21830,43499,21678,21821,43397,21650,21747,43843,21861,21982,44155,22018,22137,44328,22081,22247,44475,22166,22309,36.27450688,127.2485308
충청남도 당진시,167050,88930,78120,166894,88875,78019,166971,88907,78064,166893,88877,78016,166928,88873,78055,167092,88951,78141,167397,89056,78341,167479,89117,78362,167553,89183,78370,167755,89316,78439,167955,89443,78512,168253,89606,78647,36.88959597,126.6460108
충청남도 금산군,50335,25383,24952,50351,25412,24939,50290,25381,24909,50277,25377,24900,50245,25357,24888,50211,25356,24855,50224,25364,24860,50176,25339,24837,50111,25320,24791,50088,25315,24773,50092,25320,24772,50092,25315,24777,36.10885289,127.4880279
충청남도 부여군,63599,31547,32052,63488,31503,31985,63324,31454,31870,63260,31425,31835,63171,31364,31807,63129,31353,31776,63047,31312,31735,62894,31222,31672,62642,31105,31537,62523,31046,31477,62435,31011,31424,62343,30970,31373,36.27567229,126.9097853
충청남도 서천군,50703,25057,25646,50644,25004,25640,50597,24973,25624,50503,24916,25587,50439,24884,25555,50411,24891,25520,50373,24892,25481,50296,24857,25439,50139,24771,25368,50057,24739,25318,50009,24720,25289,49964,24709,25255,36.08030449,126.6918535
충청남도 청양군,30396,15444,14952,30390,15444,14946,30547,15553,14994,30532,15537,14995,30507,15517,14990,30442,15489,14953,30392,15458,14934,30335,15429,14906,30245,15382,14863,30278,15401,14877,30270,15398,14872,30266,15421,14845,36.45914434,126.8023368
충청남도 홍성군,99267,49426,49841,99264,49399,49865,99125,49372,49753,99025,49355,49670,98833,49260,49573,98767,49248,49519,98705,49214,49491,98597,49149,49448,98337,49013,49324,98099,48896,49203,98053,48848,49205,98068,48835,49233,36.60131617,126.6608455
충청남도 예산군,76703,38528,38175,76540,38455,38085,76443,38390,38053,76385,38390,37995,76619,38496,38123,76647,38493,38154,76643,38507,38136,76651,38517,38134,76808,38561,38247,77206,38748,38458,77329,38809,38520,77385,38848,38537,36.68088766,126.844815
충청남도 태안군,61462,31002,30460,61400,30984,30416,61437,30989,30448,61411,30965,30446,61487,31055,30432,61481,31059,30422,61547,31101,30446,61555,31097,30458,61461,31053,30408,61394,31036,30358,61342,31001,30341,61335,30997,30338,36.74555213,126.2979723
전라북도 전주시,656766,323207,333559,656331,322944,333387,655879,322705,333174,655601,322475,333126,654749,322024,332725,654521,321819,332702,653964,321557,332407,653581,321370,332211,652876,320985,331891,652695,320851,331844,652458,320708,331750,651495,320265,331230,35.82445746,127.1478665
전라북도 군산시,265160,134203,130957,264949,134073,130876,264656,133921,130735,264358,133778,130580,264030,133628,130402,263897,133558,130339,263709,133455,130254,263500,133330,130170,262937,133117,129820,262819,133035,129784,262635,132948,129687,262467,132887,129580,35.96743059,126.7368529
전라북도 익산시,277664,138206,139458,277444,138133,139311,277151,138050,139101,276666,137863,138803,276376,137699,138677,276140,137561,138579,275719,137312,138407,275254,137085,138169,274525,136750,137775,274317,136654,137663,274117,136556,137561,273697,136330,137367,35.94825493,126.9577833
전라북도 정읍시,106534,52927,53607,106403,52896,53507,106187,52787,53400,105982,52694,53288,105884,52658,53226,105812,52652,53160,105702,52584,53118,105590,52532,53058,105356,52428,52928,105282,52382,52900,105176,52315,52861,105081,52272,52809,35.57000284,126.8563525
전라북도 남원시,79308,38907,40401,79099,38802,40297,79015,38793,40222,78967,38778,40189,78787,38694,40093,78781,38672,40109,78626,38580,40046,78474,38482,39992,78272,38389,39883,78165,38344,39821,78081,38307,39774,77948,38246,39702,35.41632997,127.3903679
전라북도 김제시,80933,40192,40741,80869,40169,40700,80806,40162,40644,80782,40147,40635,80836,40168,40668,80861,40187,40674,80882,40204,40678,81162,40312,40850,81158,40338,40820,81205,40356,40849,81357,40453,40904,81455,40476,40979,35.80330016,126.8807361
전라북도 완주군,91060,46821,44239,91072,46842,44230,91041,46813,44228,91015,46836,44179,91079,46870,44209,91134,46874,44260,91545,47062,44483,91719,47164,44555,91663,47142,44521,91711,47152,44559,91776,47173,44603,92422,47529,44893,35.90482498,127.1620039
전라북도 진안군,24957,12661,12296,24974,12678,12296,24961,12674,12287,24963,12669,12294,24955,12674,12281,24898,12654,12244,24823,12626,12197,24771,12599,12172,24701,12558,12143,24652,12536,12116,24598,12518,12080,24550,12496,12054,35.79178512,127.4245692
전라북도 무주군,23735,11807,11928,23744,11835,11909,23745,11844,11901,23745,11859,11886,23747,11869,11878,23711,11843,11868,23693,11840,11853,23645,11803,11842,23577,11770,11807,23540,11753,11787,23510,11735,11775,23489,11731,11758,36.0067837,127.6607417
전라북도 장수군,21683,10821,10862,21644,10798,10846,21645,10810,10835,21624,10809,10815,21626,10802,10824,21580,10784,10796,21536,10760,10776,21497,10741,10756,21464,10732,10732,21425,10739,10686,21358,10726,10632,21336,10718,10618,35.64729167,127.521172
전라북도 임실군,26686,13645,13041,26705,13663,13042,26664,13648,13016,26732,13685,13047,26807,13712,13095,26678,13662,13016,26580,13604,12976,26534,13595,12939,26490,13583,12907,26498,13576,12922,26442,13550,12892,26508,13586,12922,35.61778264,127.2890493
전라북도 순창군,26768,13139,13629,26730,13116,13614,26689,13096,13593,26721,13121,13600,26786,13157,13629,26799,13160,13639,26791,13164,13627,26743,13132,13611,26690,13125,13565,26707,13141,13566,26707,13139,13568,26727,13138,13589,35.37443426,127.1374233
전라북도 고창군,53366,26500,26866,53269,26441,26828,53151,26414,26737,53112,26398,26714,53041,26354,26687,52981,26335,26646,52928,26300,26628,52836,26242,26594,52630,26144,26486,52543,26115,26428,52451,26072,26379,52338,26005,26333,35.43577681,126.7020803
전라북도 부안군,50772,25255,25517,50690,25221,25469,50615,25211,25404,50556,25162,25394,50527,25166,25361,50486,25147,25339,50451,25116,25335,50358,25049,25309,50257,24983,25274,50217,24974,25243,50173,24951,25222,50094,24913,25181,35.73178215,126.7333099
전라남도 목포시,218700,108833,109867,218605,108802,109803,218241,108609,109632,218024,108480,109544,217912,108386,109526,217604,108210,109394,217470,108158,109312,217257,108029,109228,216909,107802,109107,216994,107880,109114,217041,107911,109130,216939,107826,109113,34.81181045,126.3921426
전라남도 여수시,276957,141173,135784,276544,140955,135589,276145,140757,135388,275812,140523,135289,275618,140399,135219,275544,140332,135212,275489,140274,135215,275642,140351,135291,275197,140132,135065,275011,140028,134983,274914,139925,134989,274765,139821,134944,34.76039685,127.6622222
전라남도 순천시,280699,140117,140582,280607,140048,140559,280719,140136,140583,280478,140006,140472,280386,139957,140429,280195,139846,140349,279980,139700,140280,279593,139482,140111,279222,139240,139982,279069,139135,139934,278809,139050,139759,278737,139014,139723,34.95062457,127.48737
전라남도 나주시,116601,58813,57788,116749,58896,57853,116497,58799,57698,116398,58765,57633,116391,58730,57661,116284,58689,57595,116143,58625,57518,116049,58541,57508,115818,58464,57354,115762,58399,57363,116205,58597,57608,116456,58749,57707,35.0158853,126.7108524
전라남도 광양시,151796,79278,72518,151637,79192,72445,151410,79104,72306,151460,79124,72336,151527,79171,72356,151669,79226,72443,151825,79302,72523,152102,79450,72652,152082,79462,72620,152145,79499,72646,152184,79528,72656,152168,79523,72645,34.94070146,127.6958891
전라남도 담양군,46144,23401,22743,46216,23431,22785,46208,23421,22787,46169,23402,22767,46178,23384,22794,46159,23344,22815,46114,23319,22795,46018,23276,22742,45843,23228,22615,45776,23184,22592,45750,23160,22590,45792,23168,22624,35.32122516,126.9881958
전라남도 곡성군,27508,13530,13978,27475,13510,13965,27432,13505,13927,27466,13534,13932,27443,13529,13914,27396,13512,13884,27348,13487,13861,27283,13458,13825,27158,13421,13737,27114,13395,13719,27085,13390,13695,27060,13386,13674,35.2820633,127.2920961
전라남도 구례군,25173,12268,12905,25149,12238,12911,25130,12233,12897,25186,12262,12924,25140,12252,12888,25011,12194,12817,24953,12177,12776,24884,12148,12736,24798,12116,12682,24761,12104,12657,24711,12085,12626,24655,12052,12603,35.20250131,127.4627157
전라남도 고흥군,62631,30497,32134,62606,30504,32102,62527,30465,32062,62530,30474,32056,62513,30459,32054,62442,30442,32000,62387,30405,31982,62293,30357,31936,62177,30312,31865,62048,30255,31793,62007,30232,31775,61880,30170,31710,34.60477493,127.2762856
전라남도 보성군,39292,19172,20120,39251,19146,20105,39200,19130,20070,39183,19127,20056,39084,19068,20016,39031,19057,19974,38942,19022,19920,38834,18975,19859,38683,18906,19777,38614,18888,19726,38549,18854,19695,38471,18823,19648,34.77147634,127.079973
전라남도 화순군,62584,30901,31683,62650,30942,31708,62643,30946,31697,62601,30927,31674,62587,30930,31657,62402,30839,31563,62315,30793,31522,62207,30758,31449,62086,30699,31387,62085,30689,31396,62058,30690,31368,62024,30643,31381,35.06454988,126.9866674
전라남도 장흥군,36514,17776,18738,36405,17743,18662,36298,17678,18620,36236,17654,18582,36181,17642,18539,36147,17620,18527,36102,17593,18509,35999,17543,18456,35856,17499,18357,35797,17487,18310,35726,17439,18287,35650,17402,18248,34.68163168,126.9071449
전라남도 강진군,33664,16331,17333,33620,16308,17312,33534,16271,17263,33503,16256,17247,33461,16242,17219,33428,16228,17200,33397,16205,17192,33314,16164,17150,33243,16149,17094,33223,16138,17085,33169,16115,17054,33177,16128,17049,34.64205355,126.7672373
전라남도 해남군,67099,33247,33852,67071,33277,33794,66961,33239,33722,66855,33195,33660,66722,33141,33581,66629,33115,33514,66523,33074,33449,66336,32980,33356,66129,32866,33263,66001,32811,33190,65917,32802,33115,65831,32772,33059,34.57338485,126.5992923
전라남도 영암군,53022,27529,25493,52946,27511,25435,52970,27552,25418,53103,27634,25469,53108,27634,25474,53052,27603,25449,52976,27576,25400,52898,27562,25336,52679,27481,25198,52555,27413,25142,52513,27408,25105,52395,27359,25036,34.80016406,126.6967832
전라남도 무안군,91102,45776,45326,91013,45775,45238,90874,45709,45165,90876,45706,45170,90882,45737,45145,91078,45856,45222,91158,45894,45264,91097,45866,45231,90904,45751,45153,90784,45693,45091,90757,45656,45101,90608,45607,45001,34.99040352,126.481689
전라남도 함평군,31157,15690,15467,31126,15675,15451,31167,15696,15471,31090,15660,15430,31076,15647,15429,31000,15613,15387,30977,15600,15377,30952,15586,15366,30923,15587,15336,30875,15581,15294,30848,15573,15275,30784,15539,15245,35.06589788,126.5165996
전라남도 영광군,52045,25976,26069,51980,25949,26031,51947,25940,26007,51973,25948,26025,52033,25992,26041,52127,26030,26097,52292,26118,26174,52348,26156,26192,52204,26102,26102,52202,26102,26100,52169,26073,26096,52197,26081,26116,35.27718056,126.5119711
전라남도 장성군,43343,22191,21152,43356,22222,21134,43241,22180,21061,43239,22176,21063,43190,22150,21040,43182,22155,21027,43231,22176,21055,43233,22210,21023,43134,22173,20961,43118,22170,20948,43046,22117,20929,43146,22162,20984,35.3018382,126.7849389
전라남도 완도군,48481,24408,24073,48415,24374,24041,48329,24314,24015,48314,24328,23986,48197,24284,23913,48079,24222,23857,48013,24203,23810,47955,24157,23798,47830,24109,23721,47754,24087,23667,47634,24028,23606,47597,24017,23580,34.31099974,126.7549467
전라남도 진도군,29996,14883,15113,29969,14859,15110,29915,14844,15071,29914,14844,15070,29888,14845,15043,29816,14802,15014,29729,14769,14960,29686,14739,14947,29602,14708,14894,29559,14686,14873,29543,14696,14847,29507,14684,14823,34.48679563,126.2634295
전라남도 신안군,38096,20400,17696,38061,20396,17665,38113,20443,17670,38140,20467,17673,38157,20471,17686,38165,20482,17683,38170,20486,17684,38124,20472,17652,37981,20404,17577,37910,20372,17538,37849,20348,17501,37858,20346,17512,34.83357423,126.3514524
경상북도 포항시,503404,255012,248392,502704,254735,247969,501691,254254,247437,500947,253898,247049,500324,253538,246786,499854,253278,246576,499363,253032,246331,498597,252607,245990,497900,252233,245667,497546,252051,245495,497197,251893,245304,496650,251630,245020,36.01937542,129.3433639
경상북도 경주시,251627,125864,125763,251505,125820,125685,251154,125698,125456,251133,125674,125459,251021,125643,125378,250857,125551,125306,250743,125480,125263,250453,125322,125131,250108,125174,124934,249928,125075,124853,249845,124992,124853,249607,124909,124698,35.85626282,129.2248116
경상북도 김천시,140144,70248,69896,140039,70215,69824,140078,70286,69792,140065,70319,69746,140023,70272,69751,139906,70224,69682,139851,70197,69654,139710,70096,69614,139573,70015,69558,139477,69957,69520,139396,69931,69465,139324,69900,69424,36.13983232,128.1135643
경상북도 안동시,156729,77463,79266,156533,77396,79137,156182,77242,78940,156023,77163,78860,156006,77144,78862,155904,77067,78837,155725,76972,78753,155451,76851,78600,155182,76737,78445,155020,76663,78357,154860,76585,78275,154610,76447,78163,36.56831833,128.7295868
경상북도 구미시,412345,211954,200391,411476,211543,199933,410412,211042,199370,409935,210795,199140,409679,210709,198970,409555,210608,198947,409091,210324,198767,408619,210067,198552,408179,209920,198259,407993,209839,198154,407880,209826,198054,408110,209909,198201,36.1198418,128.3443068
경상북도 영주시,101879,50550,51329,101786,50515,51271,101599,50426,51173,101512,50382,51130,101421,50318,51103,101370,50292,51078,101332,50264,51068,101192,50167,51025,100997,50064,50933,100901,50023,50878,100823,49950,50873,100749,49920,50829,36.80565236,128.6238768
경상북도 영천시,101634,51600,50034,101513,51553,49960,101552,51644,49908,101492,51601,49891,101391,51529,49862,101285,51481,49804,101222,51442,49780,101200,51430,49770,101131,51422,49709,101181,51468,49713,101051,51388,49663,101088,51406,49682,35.97349135,128.9382431
경상북도 상주시,95615,46875,48740,95849,47021,48828,95771,47039,48732,95695,47007,48688,95501,46938,48563,95490,46949,48541,95394,46911,48483,95305,46881,48424,95108,46794,48314,95026,46747,48279,94931,46716,48215,94823,46660,48163,36.41095303,128.1589549
경상북도 문경시,70935,34807,36128,71106,34863,36243,72283,35426,36857,72212,35412,36800,72390,35486,36904,72065,35326,36739,71752,35176,36576,71481,35072,36409,71003,34898,36105,70847,34814,36033,70645,34706,35939,70373,34577,35796,36.58683084,128.1870005
경상북도 경산시,268157,134859,133298,268087,134850,133237,267844,134732,133112,267583,134616,132967,267579,134591,132988,267423,134526,132897,267607,134623,132984,268138,134906,133232,267891,134812,133079,267710,134722,132988,267763,134768,132995,267725,134746,132979,35.82511073,128.741326
경상북도 군위군,23008,11795,11213,23053,11799,11254,23258,11894,11364,23314,11926,11388,23409,11986,11423,23405,11973,11432,23359,11956,11403,23318,11928,11390,23312,11941,11371,23302,11927,11375,23338,11953,11385,23340,11969,11371,36.24293664,128.5728369
경상북도 의성군,50561,24782,25779,50487,24753,25734,50560,24809,25751,50609,24855,25754,50597,24868,25729,50554,24851,25703,50477,24823,25654,50374,24779,25595,50241,24730,25511,50172,24690,25482,50113,24665,25448,50186,24709,25477,36.35271338,128.6971422
경상북도 청송군,24535,12262,12273,24546,12275,12271,24538,12281,12257,24555,12303,12252,24532,12291,12241,24486,12267,12219,24464,12249,12215,24387,12221,12166,24286,12154,12132,24289,12155,12134,24288,12163,12125,24295,12168,12127,36.43628135,129.0569723
경상북도 영양군,16289,8137,8152,16248,8108,8140,16256,8111,8145,16263,8130,8133,16262,8126,8136,16218,8099,8119,16200,8081,8119,16126,8052,8074,16095,8031,8064,16066,8020,8046,16058,8016,8042,16022,7997,8025,36.66667945,129.1122616
경상북도 영덕군,35282,16785,18497,35187,16730,18457,35166,16744,18422,35122,16726,18396,35092,16687,18405,35034,16664,18370,34991,16633,18358,34937,16617,18320,34772,16546,18226,34759,16545,18214,34688,16513,18175,34650,16481,18169,36.41501475,129.3656654
경상북도 청도군,41903,20602,21301,41856,20592,21264,41781,20576,21205,41734,20575,21159,41694,20581,21113,41654,20563,21091,41617,20542,21075,41609,20534,21075,41491,20474,21017,41544,20489,21055,41586,20516,21070,41614,20541,21073,35.64740052,128.733963
경상북도 고령군,30623,15732,14891,30610,15722,14888,30525,15684,14841,30508,15674,14834,30428,15625,14803,30377,15596,14781,30333,15579,14754,30289,15547,14742,30198,15499,14699,30206,15484,14722,30326,15555,14771,30353,15572,14781,35.72611222,128.2629519
경상북도 성주군,42916,22254,20662,42972,22308,20664,42944,22308,20636,42930,22317,20613,42910,22313,20597,42861,22280,20581,42822,22256,20566,42740,22227,20513,42620,22167,20453,42595,22178,20417,42578,22180,20398,42566,22161,20405,35.91943449,128.2831702
경상북도 칠곡군,113683,59203,54480,113664,59207,54457,113455,59142,54313,113311,59070,54241,113312,59085,54227,113184,59060,54124,113157,59040,54117,112993,58973,54020,112740,58916,53824,112626,58911,53715,112598,58880,53718,112487,58821,53666,35.99558435,128.4016028
경상북도 예천군,55718,27379,28339,55704,27381,28323,55538,27308,28230,55645,27362,28283,55647,27352,28295,55572,27316,28256,55671,27353,28318,55705,27341,28364,55716,27342,28374,55793,27398,28395,55814,27427,28387,55755,27400,28355,36.64687138,128.4372484
경상북도 봉화군,30682,15505,15177,30635,15488,15147,30594,15469,15125,30572,15443,15129,30515,15442,15073,30478,15429,15049,30462,15428,15034,30413,15417,14996,30317,15385,14932,30272,15361,14911,30207,15328,14879,30139,15295,14844,36.8930961,128.7323988
경상북도 울진군,47775,23979,23796,47552,23877,23675,47483,23836,23647,47389,23824,23565,47430,23851,23579,47349,23805,23544,47321,23782,23539,47249,23762,23487,47167,23729,23438,47123,23729,23394,47082,23702,23380,47030,23687,23343,36.99308703,129.4004941
경상북도 울릉군,8866,4862,4004,8914,4887,4027,8977,4937,4040,9003,4946,4057,9014,4957,4057,9082,4993,4089,9062,4996,4066,9070,5018,4052,9039,5000,4039,9013,4991,4022,8985,4984,4001,8996,4976,4020,37.48434523,130.9057502
경상남도 창원시,1031948,522799,509149,1030311,522012,508299,1028875,521296,507579,1028152,520904,507248,1027429,520548,506881,1026749,520087,506662,1026057,519679,506378,1024964,519080,505884,1023777,518462,505315,1023269,518179,505090,1022641,517816,504825,1021487,517211,504276,35.22797503,128.6818146
경상남도 진주시,346733,171450,175283,346328,171158,175170,345957,170962,174995,345686,170768,174918,345463,170712,174751,345303,170623,174680,344966,170451,174515,344675,170289,174386,344459,170150,174309,344293,170055,174238,344133,169998,174135,343782,169862,173920,35.18030228,128.1086628
경상남도 통영시,125128,62788,62340,124941,62662,62279,124872,62687,62185,124554,62523,62031,124346,62420,61926,124115,62275,61840,123997,62223,61774,123645,62041,61604,123344,61921,61423,123158,61825,61333,123008,61751,61257,122681,61587,61094,34.85392667,128.4339955
경상남도 사천시,109916,55409,54507,109743,55336,54407,109617,55259,54358,109494,55238,54256,109474,55205,54269,109520,55235,54285,109752,55337,54415,109891,55429,54462,109585,55304,54281,109518,55268,54250,109465,55253,54212,109369,55239,54130,35.00329629,128.0642328
경상남도 김해시,537601,271874,265727,537125,271662,265463,536662,271444,265218,536565,271397,265168,536340,271285,265055,536175,271226,264949,536065,271180,264885,536533,271359,265174,535913,271068,264845,535734,270978,264756,535380,270781,264599,535129,270652,264477,35.22857717,128.8892552
경상남도 밀양시,103466,50825,52641,103361,50789,52572,103482,50851,52631,103375,50803,52572,103293,50756,52537,103183,50706,52477,103155,50675,52480,102979,50593,52386,102775,50517,52258,102725,50498,52227,102893,50602,52291,102945,50636,52309,35.50388523,128.7466943
경상남도 거제시,240802,126068,114734,240059,125673,114386,239554,125392,114162,239212,125206,114006,238822,124993,113829,238423,124748,113675,238192,124591,113601,237774,124364,113410,237293,124092,113201,237090,123987,113103,236888,123842,113046,236662,123712,112950,34.88091089,128.6218113
경상남도 양산시,354699,177719,176980,354489,177713,176776,354386,177588,176798,354290,177507,176783,353939,177337,176602,353886,177290,176596,353821,177264,176557,353668,177188,176480,353576,177169,176407,353410,177096,176314,353647,177164,176483,353792,177238,176554,35.33501899,129.0376034
경상남도 의령군,26343,12973,13370,26332,12979,13353,26335,12999,13336,26381,13035,13346,26359,13026,13333,26330,13000,13330,26271,12983,13288,26206,12951,13255,26131,12930,13201,26100,12907,13193,26087,12908,13179,26061,12893,13168,35.32219253,128.2617007
경상남도 함안군,62531,31830,30701,62461,31792,30669,62269,31715,30554,62163,31682,30481,62078,31646,30432,61989,31631,30358,61967,31614,30353,61776,31524,30252,61677,31484,30193,61613,31451,30162,61530,31409,30121,61456,31371,30085,35.2724085,128.406507
경상남도 창녕군,59987,29888,30099,59950,29905,30045,59767,29821,29946,59616,29744,29872,59568,29724,29844,59424,29660,29764,59229,29564,29665,59051,29490,29561,58750,29360,29390,58633,29300,29333,58523,29254,29269,58372,29180,29192,35.54461845,128.4922353
경상남도 고성군,50339,25225,25114,50224,25193,25031,50126,25143,24983,50108,25139,24969,50018,25099,24919,49987,25105,24882,49962,25094,24868,49994,25112,24882,49895,25066,24829,49913,25074,24839,49871,25074,24797,50448,25366,25082,34.97308291,128.3224483
경상남도 남해군,42255,20449,21806,42235,20463,21772,42221,20464,21757,42172,20454,21718,42128,20439,21689,42071,20423,21648,42015,20403,21612,41919,20353,21566,41769,20287,21482,41727,20260,21467,41696,20253,21443,41579,20190,21389,34.83768596,127.8925293
경상남도 하동군,43315,21632,21683,43256,21589,21667,43114,21539,21575,43074,21537,21537,43036,21532,21504,42975,21496,21479,42927,21470,21457,42756,21374,21382,42679,21329,21350,42630,21325,21305,42564,21289,21275,42465,21255,21210,35.06734434,127.7513032
경상남도 산청군,34303,16901,17402,34244,16883,17361,34197,16877,17320,34196,16896,17300,34205,16906,17299,34194,16900,17294,34189,16920,17269,34144,16907,17237,34089,16886,17203,34062,16867,17195,34083,16894,17189,34028,16871,17157,35.41510337,127.8738913
경상남도 함양군,38301,18527,19774,38321,18540,19781,38283,18513,19770,38285,18515,19770,38269,18515,19754,38189,18473,19716,38131,18450,19681,38077,18419,19658,37962,18365,19597,37900,18355,19545,37797,18306,19491,37708,18270,19438,35.52053795,127.7251843
경상남도 거창군,60916,29890,31026,60828,29844,30984,60841,29893,30948,60756,29861,30895,60689,29829,30860,60600,29768,30832,60531,29716,30815,60523,29699,30824,60476,29687,30789,60475,29691,30784,60462,29699,30763,60387,29655,30732,35.68666343,127.9094852
경상남도 합천군,42855,20721,22134,42797,20714,22083,42716,20703,22013,42613,20657,21956,42560,20628,21932,42502,20599,21903,42482,20584,21898,42416,20574,21842,42320,20545,21775,42245,20538,21707,42181,20514,21667,42142,20487,21655,35.56668331,128.1658663
제주특별자치도 제주시,492919,246352,246567,492919,246383,246536,493023,246449,246574,493076,246450,246626,493275,246548,246727,493538,246672,246866,493898,246826,247072,494059,246892,247167,493575,246644,246931,493459,246594,246865,493543,246655,246888,493389,246504,246885,33.49958268,126.5312361
제주특별자치도 서귀포시,183772,92719,91053,184224,92865,91359,184195,92871,91324,184337,92933,91404,184491,93030,91461,184474,93025,91449,184593,93125,91468,184957,93213,91744,184851,93157,91694,184865,93137,91728,184830,93103,91727,184770,93086,91684,33.25531026,126.5349109
