행정구역,2019년01월_총인구수,2019년01월_남자 인구수,2019년01월_여자 인구수,2019년02월_총인구수,2019년02월_남자 인구수,2019년02월_여자 인구수,2019년03월_총인구수,2019년03월_남자 인구수,2019년03월_여자 인구수,2019년04월_총인구수,2019년04월_남자 인구수,2019년04월_여자 인구수,2019년05월_총인구수,2019년05월_남자 인구수,2019년05월_여자 인구수,2019년06월_총인구수,2019년06월_남자 인구수,2019년06월_여자 인구수,2019년07월_총인구수,2019년07월_남자 인구수,2019년07월_여자 인구수,2019년08월_총인구수,2019년08월_남자 인구수,2019년08월_여자 인구수,2019년09월_총인구수,2019년09월_남자 인구수,2019년09월_여자 인구수,2019년10월_총인구수,2019년10월_남자 인구수,2019년10월_여자 인구수,2019년11월_총인구수,2019년11월_남자 인구수,2019년11월_여자 인구수,2019년12월_총인구수,2019년12월_남자 인구수,2019년12월_여자 인구수,위도,경도
서울특별시 종로구,152866,74700,78166,152880,74662,78218,152778,74536,78242,152495,74401,78094,152220,74240,77980,152026,74190,77836,151858,74113,77745,151766,74037,77729,151767,73952,77815,151541,73826,77715,151457,73811,77646,151290,73746,77544,37.57364689,126.978984
서울특별시 중구,125872,62025,63847,125995,62048,63947,125942,61992,63950,125913,61952,63961,125808,61940,63868,126143,62086,64057,126414,62212,64202,126412,62190,64222,126409,62161,64248,126270,62049,64221,126209,61994,64215,126171,61910,64261,37.5639284,126.9975517
서울특별시 용산구,229167,110652,118515,229279,110682,118597,229168,110626,118542,228940,110504,118436,228926,110486,118440,229122,110560,118562,229155,110619,118536,229117,110605,118512,228830,110478,118352,228594,110395,118199,228507,110309,118198,228670,110356,118314,37.53253057,126.9907138
서울특별시 성동구,307723,151071,156652,307064,150682,156382,306404,150287,156117,305785,149928,155857,305436,149718,155718,304936,149412,155524,304292,149082,155210,303730,148813,154917,303158,148510,154648,302198,148005,154193,301527,147641,153886,300889,147273,153616,37.56361329,127.0369234
서울특별시 광진구,355382,172712,182670,355387,172649,182738,354873,172361,182512,354344,172010,182334,354158,171900,182258,353878,171800,182078,353206,171454,181752,353002,171323,181679,352692,171103,181589,352204,170791,181413,351699,170452,181247,351350,170262,181088,37.53857836,127.0821862
서울특별시 동대문구,347415,173171,174244,347459,173239,174220,346750,172784,173966,346312,172478,173834,346301,172425,173876,346501,172490,174011,346524,172446,174078,346649,172510,174139,346551,172440,174111,346152,172186,173966,346166,172158,174008,346194,172113,174081,37.57441406,127.0398434
서울특별시 중랑구,402974,200252,202722,402616,199996,202620,402203,199730,202473,401546,199408,202138,400933,199140,201793,400661,198906,201755,399878,198454,201424,399195,198066,201129,398812,197927,200885,397938,197446,200492,397297,197117,200180,397015,196959,200056,37.60648307,127.0931308
서울특별시 성북구,435270,211557,223713,435754,211649,224105,438245,212830,225415,439754,213501,226253,440082,213590,226492,440397,213648,226749,441170,214002,227168,441503,214115,227388,441590,214094,227496,443000,214737,228263,443111,214727,228384,442650,214437,228213,37.58960402,127.0167645
서울특별시 강북구,318761,155900,162861,318268,155596,162672,317386,155075,162311,316604,154642,161962,316044,154356,161688,315587,154101,161486,315003,153827,161176,314538,153620,160918,314090,153356,160734,314189,153404,160785,314306,153443,160863,313954,153235,160719,37.6399466,127.0255077
서울특별시 도봉구,338834,165839,172995,338373,165573,172800,337820,165314,172506,337346,165073,172273,337072,164926,172146,336698,164731,171967,336288,164502,171786,335801,164210,171591,335280,163953,171327,334553,163618,170935,333902,163309,170593,333362,163051,170311,37.66898579,127.0470495
서울특별시 노원구,542744,263324,279420,541800,262888,278912,541174,262593,278581,539884,261866,278018,539130,261428,277702,538350,260946,277404,537146,260292,276854,535920,259628,276292,535282,259204,276078,533904,258491,275413,533498,258292,275206,532905,257923,274982,37.65423107,127.0565938
서울특별시 은평구,483513,233800,249713,484070,234044,250026,484274,234064,250210,484267,233977,250290,483972,233723,250249,483730,233566,250164,483084,233224,249860,481856,232525,249331,481663,232383,249280,481218,232140,249078,480701,231914,248787,480032,231528,248504,37.60291898,126.929256
서울특별시 서대문구,310809,149822,160987,311700,150102,161598,311771,150103,161668,311586,149989,161597,311308,149823,161485,311215,149775,161440,310795,149494,161301,310477,149325,161152,310069,149061,161008,309637,148814,160823,309312,148620,160692,309397,148663,160734,37.57943924,126.9365268
서울특별시 마포구,375272,178181,197091,375372,178039,197333,375106,177872,197234,374824,177652,197172,374719,177584,197135,374422,177388,197034,373756,177010,196746,373200,176673,196527,373629,176863,196766,373852,176933,196919,374028,176958,197070,374035,176891,197144,37.56628642,126.9014899
서울특별시 양천구,463608,228272,235336,463103,227993,235110,462599,227678,234921,462126,227435,234691,461532,227140,234392,461051,226881,234170,460721,226599,234122,460375,226379,233996,459849,226091,233758,459146,225751,233395,458691,225520,233171,458165,225186,232979,37.51714651,126.8665429
서울특별시 강서구,596862,289907,306955,596602,289661,306941,596287,289454,306833,596233,289364,306869,596109,289201,306908,595602,288905,306697,595057,288645,306412,594299,288131,306168,593708,287751,305957,593030,287336,305694,592309,286885,305424,591796,286563,305233,37.55110585,126.8495849
서울특별시 구로구,404049,200131,203918,403668,199874,203794,404726,200367,204359,405516,200688,204828,405348,200593,204755,405415,200561,204854,405757,200648,205109,406359,200895,205464,406748,201077,205671,406889,201085,205804,407090,201156,205934,406664,200987,205677,37.49570011,126.8876391
서울특별시 금천구,234153,119001,115152,234157,119004,115153,233981,118913,115068,234173,118976,115197,234133,118913,115220,234079,118912,115167,233827,118786,115041,233574,118637,114937,233371,118471,114900,233017,118296,114721,232889,118251,114638,232810,118209,114601,37.45695405,126.895379
서울특별시 영등포구,368049,183263,184786,368437,183440,184997,368824,183493,185331,368874,183546,185328,369064,183598,185466,369017,183460,185557,368895,183326,185569,368566,183067,185499,368402,182913,185489,368052,182675,185377,367800,182543,185257,367678,182438,185240,37.52652266,126.8962345
서울특별시 동작구,397435,193074,204361,398685,193624,205061,398886,193622,205264,399118,193709,205409,399084,193600,205484,398885,193449,205436,398433,193251,205182,397926,193003,204923,397618,192829,204789,397139,192676,204463,396460,192354,204106,395963,191976,203987,37.51261701,126.9397997
서울특별시 관악구,501999,252073,249926,502435,252249,250186,502615,252307,250308,502251,252037,250214,502329,252016,250313,502089,251875,250214,502212,251975,250237,502393,252066,250327,502117,251923,250194,501241,251491,249750,500803,251238,249565,500094,251009,249085,37.47828858,126.9514609
서울특별시 서초구,433620,207687,225933,433565,207645,225920,432762,207206,225556,432336,206997,225339,431751,206695,225056,431360,206478,224882,431423,206406,225017,431353,206364,224989,431027,206185,224842,430801,206091,224710,430697,206017,224680,430826,206039,224787,37.48375739,127.0326987
서울특별시 강남구,542154,259553,282601,542341,259712,282629,541854,259510,282344,542108,259575,282533,542344,259616,282728,542498,259645,282853,542576,259625,282951,543222,259968,283254,544028,260305,283723,544712,260605,284107,545024,260695,284329,545169,260806,284363,37.51768528,127.047386
서울특별시 송파구,670892,325474,345418,675450,327592,347858,678521,329046,349475,679824,329655,350169,679842,329569,350273,679247,329200,350047,678553,328786,349767,677702,328287,349415,677489,328073,349416,676328,327430,348898,675843,327185,348658,675961,327164,348797,37.5146405,127.105894
서울특별시 강동구,426865,211381,215484,426178,210962,215216,425267,210371,214896,424727,210111,214616,424417,209865,214552,424235,209746,214489,425392,210327,215065,425953,210561,215392,426219,210593,215626,430684,212784,217900,433251,214047,219204,436067,215335,220732,37.53028931,127.1237639
부산광역시 중구,42665,20936,21729,42634,20926,21708,42585,20897,21688,42543,20890,21653,42404,20842,21562,42389,20819,21570,42350,20799,21551,42175,20711,21464,42085,20664,21421,42010,20633,21377,41983,20607,21376,41910,20557,21353,35.10653923,129.0322797
부산광역시 서구,110421,53934,56487,110384,53873,56511,110298,53775,56523,110052,53596,56456,109820,53469,56351,109546,53294,56252,109409,53209,56200,109131,53048,56083,108946,52951,55995,108735,52870,55865,108449,52730,55719,108229,52627,55602,35.09811743,129.0242148
부산광역시 동구,86828,42809,44019,86671,42709,43962,86603,42674,43929,86485,42633,43852,86347,42557,43790,86206,42454,43752,86145,42445,43700,86939,42816,44123,87437,43033,44404,87796,43204,44592,87903,43234,44669,88165,43327,44838,35.12951925,129.0454126
부산광역시 영도구,119734,59204,60530,119494,59081,60413,119222,58918,60304,119045,58829,60216,118790,58680,60110,118588,58575,60013,118303,58425,59878,117978,58255,59723,117662,58096,59566,117316,57947,59369,117040,57790,59250,116711,57629,59082,35.09140559,129.0678947
부산광역시 부산진구,361565,175944,185621,360885,175433,185452,360140,174998,185142,359247,174503,184744,358815,174251,184564,358864,174269,184595,358854,174181,184673,359010,174209,184801,359022,174133,184889,358685,173931,184754,358302,173714,184588,357880,173446,184434,35.16304228,129.0530903
부산광역시 동래구,266502,130292,136210,266860,130476,136384,267232,130620,136612,267567,130754,136813,267572,130703,136869,267804,130738,137066,268097,130855,137242,268956,131262,137694,269739,131662,138077,270558,132001,138557,270910,132142,138768,271247,132295,138952,35.1967203,129.0930973
부산광역시 남구,279470,137139,142331,279033,136979,142054,278608,136759,141849,278497,136659,141838,278632,136689,141943,278270,136489,141781,277824,136214,141610,277205,135933,141272,276583,135612,140971,275792,135224,140568,275041,134842,140199,274480,134519,139961,35.1367524,129.0844303
부산광역시 북구,296292,146913,149379,295517,146587,148930,294651,146113,148538,293971,145779,148192,293362,145440,147922,292843,145209,147634,292387,144934,147453,291787,144650,147137,291452,144462,146990,291131,144290,146841,291337,144356,146981,291132,144229,146903,35.19746596,128.9902986
부산광역시 해운대구,409167,197725,211442,409032,197619,211413,408770,197468,211302,408384,197166,211218,408026,196965,211061,407560,196743,210817,407104,196525,210579,406627,196269,210358,406315,196126,210189,406058,195976,210082,406204,196018,210186,406102,195960,210142,35.16335254,129.1638847
부산광역시 사하구,326968,163301,163667,326061,162829,163232,325726,162645,163081,325166,162340,162826,324661,162086,162575,324330,161915,162415,324023,161731,162292,323430,161401,162029,322906,161132,161774,322333,160780,161553,321858,160539,161319,321004,160101,160903,35.1045808,128.9749752
부산광역시 금정구,242459,118974,123485,242447,118909,123538,242200,118782,123418,241986,118639,123347,241793,118487,123306,241488,118345,123143,241177,118178,122999,240880,118039,122841,240494,117810,122684,239837,117452,122385,239459,117255,122204,239062,117070,121992,35.2430003,129.0921739
부산광역시 강서구,123915,64021,59894,125309,64728,60581,125867,65033,60834,126333,65271,61062,126727,65446,61281,127032,65621,61411,127139,65693,61446,127422,65847,61575,127854,66056,61798,128334,66300,62034,128740,66520,62220,129566,66982,62584,35.21241036,128.9804872
부산광역시 연제구,208406,101017,107389,208637,101115,107522,208834,101163,107671,209712,101569,108143,210226,101756,108470,210011,101578,108433,209836,101507,108329,209529,101336,108193,209343,101216,108127,209503,101302,108201,209531,101368,108163,209395,101253,108142,35.17640584,129.0796413
부산광역시 수영구,176116,83751,92365,176118,83744,92374,176100,83684,92416,175744,83521,92223,175532,83422,92110,176294,83764,92530,176724,84002,92722,176777,83988,92789,176738,83927,92811,176531,83817,92714,176331,83743,92588,176148,83565,92583,35.14574351,129.1131838
부산광역시 사상구,222853,112977,109876,222315,112665,109650,222251,112569,109682,221994,112397,109597,221872,112303,109569,221317,112024,109293,220898,111779,109119,220374,111504,108870,219916,111248,108668,219303,110921,108382,218707,110610,108097,218094,110286,107808,35.15280367,128.9911898
부산광역시 기장군,164898,81590,83308,164833,81580,83253,165004,81694,83310,165024,81689,83335,165016,81696,83320,165090,81759,83331,165047,81732,83315,164989,81747,83242,165010,81766,83244,164949,81715,83234,164926,81697,83229,164716,81571,83145,35.24482811,129.2222634
대구광역시 중구,79192,38381,40811,79001,38271,40730,78831,38157,40674,78504,37997,40507,78172,37788,40384,77935,37661,40274,77858,37606,40252,77770,37555,40215,77738,37535,40203,77743,37530,40213,77659,37500,40159,77421,37384,40037,35.86947505,128.6060564
대구광역시 동구,351255,173874,177381,350609,173530,177079,350340,173306,177034,350066,173131,176935,349441,172799,176642,348825,172401,176424,348236,172072,176164,347700,171831,175869,347347,171623,175724,346834,171334,175500,346334,171088,175246,345469,170601,174868,35.88681859,128.6355584
대구광역시 서구,183777,92511,91266,183029,92069,90960,182468,91746,90722,181782,91407,90375,180870,90915,89955,179920,90419,89501,178917,89897,89020,178067,89480,88587,177384,89132,88252,176642,88747,87895,175930,88405,87525,175277,88052,87225,35.87200214,128.5592204
대구광역시 남구,150216,72536,77680,149790,72321,77469,149503,72169,77334,149314,72018,77296,149002,71852,77150,148682,71704,76978,148347,71538,76809,148211,71458,76753,148224,71423,76801,148174,71387,76787,148193,71385,76808,148113,71366,76747,35.84618324,128.5973754
대구광역시 북구,438886,218984,219902,438136,218668,219468,437671,218399,219272,437393,218184,219209,438388,218653,219735,439093,219028,220065,439332,219109,220223,439421,219175,220246,439354,219155,220199,438963,218949,220014,438423,218601,219822,437710,218150,219560,35.88430565,128.5815912
대구광역시 수성구,432585,210490,222095,432479,210383,222096,431928,210073,221855,431613,209903,221710,431041,209556,221485,430481,209248,221233,430026,209018,221008,429480,208688,220792,429147,208472,220675,428994,208361,220633,428948,208259,220689,428614,208024,220590,35.85823498,128.6305627
대구광역시 달서구,572436,283566,288870,572190,283370,288820,571698,283048,288650,571682,282952,288730,571362,282813,288549,571303,282756,288547,571237,282705,288532,571076,282644,288432,570700,282403,288297,570327,282094,288233,569778,281821,287957,568887,281348,287539,35.82992525,128.5326441
대구광역시 달성군,252035,128136,123899,252904,128597,124307,253390,128852,124538,253800,129048,124752,254015,129118,124897,254239,129233,125006,254713,129487,125226,255020,129645,125375,255376,129821,125555,255851,130027,125824,256316,130259,126057,256540,130361,126179,35.77475899,128.4313244
인천광역시 중구,123529,64195,59334,125332,65105,60227,126707,65792,60915,127766,66364,61402,129243,67121,62122,130022,67505,62517,130806,67917,62889,131385,68214,63171,132052,68535,63517,133293,69128,64165,134318,69657,64661,135135,70063,65072,37.47393798,126.6215171
인천광역시 동구,65987,33318,32669,65705,33149,32556,65475,33031,32444,65257,32916,32341,65057,32809,32248,64998,32775,32223,64875,32721,32154,64778,32665,32113,64718,32629,32089,64601,32596,32005,64485,32546,31939,64427,32536,31891,37.4740331,126.6432655
인천광역시 미추홀구,416449,209967,206482,415692,209562,206130,415172,209315,205857,414387,208934,205453,413750,208605,205145,413178,208374,204804,412471,207977,204494,411678,207563,204115,410998,207240,203758,410162,206834,203328,409463,206450,203013,408862,206129,202733,37.46365763,126.6502865
인천광역시 연수구,348812,173601,175211,350438,174402,176036,351086,174813,176273,352172,175363,176809,353827,176175,177652,355218,176907,178311,357244,177838,179406,359955,179159,180796,362254,180294,181960,364383,181341,183042,365499,181890,183609,366550,182374,184176,37.41037273,126.678298
인천광역시 남동구,536394,267007,269387,535628,266634,268994,535853,266743,269110,536255,266929,269326,535978,266833,269145,535401,266522,268879,534871,266229,268642,534056,265735,268321,533560,265409,268151,532805,265018,267787,532703,264996,267707,532704,264955,267749,37.44725267,126.7314723
인천광역시 부평구,523538,259551,263987,522310,258890,263420,521384,258365,263019,520171,257773,262398,518940,257152,261788,518096,256707,261389,517029,256128,260901,515759,255500,260259,514856,255039,259817,513666,254365,259301,512610,253870,258740,511577,253338,258239,37.50724197,126.7218691
인천광역시 계양구,311701,155662,156039,310533,155100,155433,309596,154605,154991,308685,154156,154529,307919,153807,154112,307349,153526,153823,306613,153155,153458,305957,152824,153133,305394,152561,152833,304788,152245,152543,304145,151905,152240,303471,151569,151902,37.53757116,126.7377225
인천광역시 서구,539528,272640,266888,540595,273191,267404,541423,273542,267881,542157,273958,268199,542624,274209,268415,542989,274318,268671,543075,274307,268768,543108,274319,268789,543108,274336,268772,543417,274474,268943,544198,274801,269397,544556,274942,269614,37.54548073,126.6760045
인천광역시 강화군,68897,34549,34348,68940,34581,34359,68939,34566,34373,68992,34612,34380,69048,34610,34438,69051,34598,34453,69130,34658,34472,69153,34669,34484,69138,34666,34472,69157,34669,34488,69173,34668,34505,69178,34665,34513,37.74685272,126.4878739
인천광역시 옹진군,21081,11951,9130,20890,11826,9064,20878,11816,9062,20858,11815,9043,20793,11766,9027,20722,11702,9020,20714,11721,8993,20696,11727,8969,20726,11744,8982,20712,11743,8969,20655,11736,8919,20566,11678,8888,37.44668379,126.6368011
광주광역시 동구,94413,46889,47524,94244,46814,47430,94098,46733,47365,94653,46980,47673,95114,47207,47907,95743,47472,48271,96962,48008,48954,97798,48453,49345,98189,48644,49545,98482,48778,49704,98628,48841,49787,98585,48799,49786,35.14615419,126.9231381
광주광역시 서구,304197,149532,154665,303597,149226,154371,302903,148878,154025,302607,148691,153916,302299,148538,153761,301909,148410,153499,301588,148270,153318,301353,148094,153259,301455,148084,153371,301574,148128,153446,301452,147988,153464,300975,147671,153304,35.15217985,126.8899468
광주광역시 남구,216655,104477,112178,217472,104888,112584,217743,105027,112716,217679,105030,112649,217616,104995,112621,217949,105136,112813,218003,105181,112822,218143,105182,112961,218030,105125,112905,218116,105116,113000,218289,105191,113098,218060,105027,113033,35.13321296,126.9022115
광주광역시 북구,439895,218349,221546,439161,218032,221129,438509,217688,220821,437617,217206,220411,436817,216800,220017,436188,216521,219667,435807,216364,219443,435251,216079,219172,435379,216137,219242,435035,216039,218996,434562,215838,218724,433533,215260,218273,35.17438289,126.9121844
광주광역시 광산구,404672,203655,201017,404734,203729,201005,405677,204185,201492,406384,204588,201796,407157,204991,202166,407235,205020,202215,407126,204978,202148,406893,204800,202093,406579,204605,201974,406153,204387,201766,405984,204310,201674,405315,203983,201332,35.13977662,126.7937594
대전광역시 동구,229051,115733,113318,229212,115796,113416,229563,115941,113622,229513,115899,113614,229401,115828,113573,229309,115768,113541,229007,115575,113432,228804,115504,113300,228530,115396,113134,228026,115104,112922,227467,114788,112679,226771,114447,112324,36.31203163,127.4548059
대전광역시 중구,244025,120819,123206,243653,120639,123014,243334,120466,122868,243096,120323,122773,242992,120270,122722,242829,120189,122640,242575,120068,122507,242156,119816,122340,241635,119550,122085,241451,119445,122006,240976,119113,121863,240473,118864,121609,36.32576074,127.4213595
대전광역시 서구,484380,238627,245753,483998,238328,245670,483511,238061,245450,482783,237719,245064,482384,237513,244871,481763,237233,244530,481964,237383,244581,481893,237340,244553,482125,237383,244742,482063,237292,244771,481683,237148,244535,481222,236851,244371,36.35552081,127.3838132
대전광역시 유성구,349803,176434,173369,349802,176408,173394,349666,176431,173235,349868,176534,173334,349792,176505,173287,349635,176461,173174,349200,176235,172965,349079,176181,172898,348985,176136,172849,348986,176143,172843,349308,176335,172973,349373,176415,172958,36.36246979,127.3561992
대전광역시 대덕구,181466,92238,89228,180940,91964,88976,180573,91748,88825,180249,91620,88629,179829,91388,88441,179402,91183,88219,178955,90966,87989,178588,90754,87834,178366,90645,87721,177910,90416,87494,177521,90223,87298,177031,90030,87001,36.34692581,127.4155614
울산광역시 중구,231220,117573,113647,230301,117074,113227,229175,116476,112699,228014,115845,112169,227255,115444,111811,226713,115172,111541,226188,114917,111271,225657,114617,111040,225197,114360,110837,224730,114110,110620,224238,113876,110362,223581,113526,110055,35.56970355,129.3327733
울산광역시 남구,330403,168380,162023,329765,168092,161673,328742,167572,161170,327868,167129,160739,327259,166866,160393,326698,166569,160129,325875,166090,159785,325174,165732,159442,324701,165488,159213,324380,165323,159057,324056,165100,158956,323819,165062,158757,35.54394782,129.330126
울산광역시 동구,164172,85854,78318,163430,85492,77938,162806,85184,77622,162298,84917,77381,161931,84729,77202,161582,84522,77060,161327,84343,76984,161017,84187,76830,160768,84039,76729,160449,83827,76622,160106,83617,76489,159656,83391,76265,35.50516123,129.4167348
울산광역시 북구,207267,107153,100114,208378,107716,100662,210049,108543,101506,211922,109491,102431,213027,109995,103032,213854,110430,103424,214607,110828,103779,215276,111192,104084,215753,111457,104296,216421,111824,104597,217309,112336,104973,217796,112588,105208,35.582905,129.3612179
울산광역시 울주군,221724,114476,107248,221861,114479,107382,222028,114587,107441,222191,114655,107536,222213,114656,107557,222454,114756,107698,222894,114983,107911,223170,115161,108009,223454,115275,108179,223429,115248,108181,223213,115169,108044,223167,115145,108022,35.52252665,129.2425116
세종특별자치시 세종특별자치시,316814,158090,158724,320326,159860,160466,322693,161056,161637,324417,161944,162473,325777,162578,163199,327643,163528,164115,330298,164832,165466,332098,165740,166358,333757,166548,167209,336356,167810,168546,338647,168916,169731,340575,169845,170730,36.48045322,127.2892442
경기도 수원시,1200038,604383,595655,1199495,604076,595419,1199599,604349,595250,1198461,603839,594622,1197648,603426,594222,1197153,603047,594106,1196323,602650,593673,1195318,601973,593345,1196074,602477,593597,1195204,601900,593304,1194834,601697,593137,1194465,601410,593055,37.26355925,127.0285973
경기도 성남시,953447,471956,481491,952364,471470,480894,950916,470796,480120,949316,470051,479265,948582,469736,478846,947990,469325,478665,946568,468589,477979,945546,468086,477460,944741,467683,477058,943585,467031,476554,942929,466737,476192,942724,466644,476080,37.42022748,127.1266546
경기도 의정부시,448363,221006,227357,449121,221316,227805,449803,221565,228238,450332,221796,228536,450695,221978,228717,450961,222135,228826,451208,222289,228919,451843,222583,229260,451846,222617,229229,451841,222605,229236,451833,222627,229206,451868,222590,229278,37.73825019,127.033733
경기도 안양시,575550,285185,290365,574672,284666,290006,573660,284123,289537,573296,283958,289338,573129,283867,289262,572673,283570,289103,571978,283185,288793,571233,282861,288372,570544,282458,288086,569752,282129,287623,569045,281682,287363,567044,280652,286392,37.39453744,126.9568463
경기도 부천시,842538,419423,423115,840735,418415,422320,839201,417600,421601,837937,416860,421077,837233,416354,420879,836751,416046,420705,835433,415373,420060,834276,414815,419461,833218,414250,418968,831701,413450,418251,830811,412895,417916,829996,412500,417496,37.50375321,126.7658326
경기도 광명시,326425,161524,164901,325766,161221,164545,324730,160659,164071,323527,159997,163530,322418,159439,162979,321435,158925,162510,320693,158524,162169,319899,158133,161766,319205,157759,161446,318021,157157,160864,317144,156721,160423,316552,156405,160147,37.47867555,126.8646736
경기도 평택시,496324,254764,241560,498126,255766,242360,499620,256654,242966,500787,257342,243445,501736,257863,243873,502292,258217,244075,504221,259229,244992,505817,260106,245711,507621,261089,246532,509529,262086,247443,511229,263039,248190,513027,264012,249015,36.99245752,127.112695
경기도 동두천시,95999,47887,48112,95795,47822,47973,95517,47658,47859,95375,47567,47808,95233,47492,47741,95250,47512,47738,95151,47459,47692,95010,47399,47611,94912,47332,47580,94941,47335,47606,94779,47278,47501,94768,47308,47460,37.90370032,127.061145
경기도 안산시,659963,338449,321514,659378,338153,321225,658882,337952,320930,657988,337465,320523,657260,337101,320159,656857,336920,319937,656811,336925,319886,655898,336414,319484,654668,335716,318952,652835,334753,318082,651777,334206,317571,650918,333766,317152,37.32203062,126.8308388
경기도 고양시,1043997,512223,531774,1043426,511917,531509,1044179,512152,532027,1045533,512768,532765,1046552,513309,533243,1047575,513781,533794,1051177,515498,535679,1055873,517685,538188,1059340,519410,539930,1061929,520659,541270,1064218,521818,542400,1066351,522749,543602,37.65830361,126.832016
경기도 과천시,58195,28470,29725,58280,28519,29761,58267,28524,29743,58218,28516,29702,58112,28481,29631,58050,28458,29592,58044,28469,29575,58036,28457,29579,58043,28494,29549,57997,28482,29515,58107,28541,29566,58289,28638,29651,37.42927348,126.9875979
경기도 구리시,203181,100867,102314,202687,100625,102062,202279,100439,101840,201952,100291,101661,201679,100174,101505,201357,99980,101377,200952,99821,101131,200205,99430,100775,199595,99123,100472,199239,98926,100313,199259,98985,100274,199265,98968,100297,37.5944714,127.1297639
경기도 남양주시,682540,340422,342118,684411,341356,343055,685916,342020,343896,687575,342750,344825,689019,343389,345630,691107,344481,346626,693793,345828,347965,697225,347547,349678,699326,348496,350830,700598,349141,351457,701091,349286,351805,701830,349664,352166,37.61055247,127.1711945
경기도 오산시,220140,113310,106830,220239,113417,106822,220377,113557,106820,220081,113460,106621,220089,113548,106541,220085,113626,106459,219975,113583,106392,221669,114441,107228,222981,115127,107854,224113,115730,108383,225446,116401,109045,226379,116904,109475,37.14993516,127.0770233
경기도 시흥시,451182,236156,215026,454800,237996,216804,457610,239535,218075,459601,240657,218944,461815,241804,220011,463836,242805,221031,465515,243581,221934,466962,244379,222583,468274,245091,223183,470759,246360,224399,472162,247082,225080,473682,247804,225878,37.38014281,126.8028693
경기도 군포시,276645,137402,139243,276058,137076,138982,275586,136824,138762,275207,136598,138609,274793,136404,138389,274686,136378,138308,274364,136174,138190,274495,136165,138330,274667,136269,138398,275129,136439,138690,275546,136666,138880,275852,136878,138974,37.36160744,126.9352653
경기도 의왕시,154114,76931,77183,154755,77282,77473,156148,77943,78205,157090,78391,78699,158108,78950,79158,158696,79256,79440,159400,79560,79840,159720,79738,79982,159911,79838,80073,160023,79833,80190,160045,79843,80202,161153,80353,80800,37.34496964,126.9687218
경기도 하남시,256611,129000,127611,259047,130284,128763,260862,131231,129631,262261,131949,130312,263442,132511,130931,264406,133022,131384,266082,133846,132236,268186,134903,133283,269539,135623,133916,270495,136052,134443,271574,136553,135021,272455,136985,135470,37.53923662,127.2145653
경기도 용인시,1037042,515145,521897,1038403,515741,522662,1039361,516135,523226,1042229,517714,524515,1046066,519803,526263,1048832,521287,527545,1052348,523068,529280,1054989,524485,530504,1055516,524635,530881,1057086,525254,531832,1057895,525224,532671,1059609,525946,533663,37.24071642,127.177274
경기도 파주시,452564,229604,222960,453057,229915,223142,453267,229975,223292,453366,230009,223357,453600,230127,223473,453883,230304,223579,453942,230341,223601,453898,230315,223583,453825,230236,223589,454055,230435,223620,454107,230527,223580,454040,230461,223579,37.75946605,126.7803264
경기도 이천시,214488,110186,104302,214548,110303,104245,214451,110280,104171,214814,110565,104249,215075,110735,104340,215499,111013,104486,215914,111273,104641,216227,111533,104694,216225,111556,104669,216332,111621,104711,215804,111215,104589,215834,111244,104590,37.27224558,127.435023
경기도 안성시,183611,94127,89484,183676,94189,89487,183570,94158,89412,183665,94185,89480,184141,94487,89654,184610,94734,89876,184464,94695,89769,184276,94647,89629,184082,94581,89501,183833,94482,89351,183512,94287,89225,183405,94227,89178,37.00786318,127.2798342
경기도 김포시,425563,213624,211939,427776,214769,213007,428754,215270,213484,429752,215786,213966,431096,216422,214674,432167,216996,215171,432964,217423,215541,433777,217759,216018,434344,218050,216294,435213,218504,216709,436006,218919,217087,437221,219552,217669,37.61533178,126.7154295
경기도 화성시,765107,396222,368885,771099,399326,371773,775958,401902,374056,781507,404675,376832,786183,407102,379081,790446,409306,381140,795186,411797,383389,799312,413982,385330,803252,416120,387132,807983,418590,389393,811778,420550,391228,815396,422470,392926,37.19943362,126.8315556
경기도 광주시,364179,186502,177677,364472,186676,177796,365139,187027,178112,366092,187532,178560,367096,188109,178987,367655,188450,179205,368391,188843,179548,368999,189083,179916,370411,189808,180603,371285,190190,181095,371903,190449,181454,372654,190774,181880,37.4294162,127.2551636
경기도 양주시,217679,110329,107350,218057,110513,107544,218864,110935,107929,219789,111443,108346,220552,111816,108736,220853,111962,108891,221065,112090,108975,221263,112167,109096,221579,112323,109256,221950,112495,109455,222257,112746,109511,222314,112775,109539,37.78529546,127.04579
경기도 포천시,150192,79079,71113,149981,78981,71000,149838,78961,70877,149603,78843,70760,149390,78731,70659,149368,78691,70677,149121,78556,70565,149042,78501,70541,148800,78418,70382,148751,78446,70305,148583,78342,70241,148379,78231,70148,37.89490568,127.200311
경기도 여주시,111368,56491,54877,111205,56418,54787,111178,56403,54775,111143,56391,54752,111121,56383,54738,111093,56362,54731,111150,56400,54750,111095,56369,54726,110994,56334,54660,111060,56391,54669,111150,56453,54697,111083,56427,54656,37.29818024,127.6366015
경기도 연천군,44542,23322,21220,44337,23233,21104,44253,23177,21076,44187,23128,21059,44116,23092,21024,44023,23043,20980,44008,23036,20972,43994,23047,20947,43933,22998,20935,43881,22980,20901,43918,23003,20915,43824,22962,20862,38.09636868,127.0750663
경기도 가평군,62937,32351,30586,62814,32263,30551,62780,32257,30523,62740,32255,30485,62986,32297,30689,62948,32276,30672,62856,32216,30640,62826,32200,30626,62743,32182,30561,62710,32147,30563,62502,32062,30440,62415,32042,30373,37.8312274,127.509577
경기도 양평군,116124,58389,57735,116116,58391,57725,116014,58331,57683,116084,58362,57722,116517,58543,57974,116641,58606,58035,116914,58784,58130,117034,58874,58160,117010,58806,58204,117082,58856,58226,116933,58737,58196,116874,58654,58220,37.49165875,127.4874649
강원도 춘천시,280574,138215,142359,280385,138147,142238,280194,138059,142135,280098,137985,142113,280130,138025,142105,280053,137975,142078,280078,138030,142048,280407,138198,142209,280502,138209,142293,280646,138305,142341,280952,138477,142475,281291,138700,142591,37.88126781,127.7299743
강원도 원주시,344514,171255,173259,345143,171459,173684,345403,171573,173830,345712,171649,174063,346033,171784,174249,346536,172068,174468,347046,172347,174699,347506,172552,174954,347762,172685,175077,348158,172912,175246,348607,173118,175489,349215,173425,175790,37.34200542,127.9196968
강원도 강릉시,212894,105682,107212,212858,105620,107238,212718,105591,107127,213106,105774,107332,213199,105761,107438,213366,105847,107519,213348,105809,107539,213335,105817,107518,213530,105913,107617,213563,105925,107638,213527,105914,107613,213442,105893,107549,37.75192033,128.8758988
강원도 동해시,91107,46135,44972,90973,46079,44894,90885,45988,44897,90808,45947,44861,90700,45900,44800,90615,45864,44751,90608,45881,44727,90537,45855,44682,90472,45798,44674,90392,45762,44630,90337,45766,44571,90522,45845,44677,37.52501602,129.1144366
강원도 태백시,44687,22510,22177,44557,22469,22088,44525,22461,22064,44415,22414,22001,44392,22416,21976,44321,22398,21923,44240,22358,21882,44146,22310,21836,44092,22281,21811,44032,22252,21780,43975,22222,21753,43866,22168,21698,37.16407866,128.9857267
강원도 속초시,81539,40187,41352,81442,40143,41299,81438,40164,41274,81497,40179,41318,81618,40249,41369,81700,40287,41413,81739,40292,41447,81749,40301,41448,81773,40314,41459,81792,40336,41456,81810,40375,41435,81786,40420,41366,38.20736378,128.5922346
강원도 삼척시,68057,34402,33655,67771,34253,33518,67893,34355,33538,68053,34452,33601,68016,34464,33552,67901,34429,33472,67854,34374,33480,67746,34320,33426,67721,34326,33395,67604,34248,33356,67518,34183,33335,67228,34038,33190,37.44998132,129.1653894
강원도 홍천군,69822,35607,34215,69675,35564,34111,69695,35562,34133,69646,35542,34104,69616,35539,34077,69498,35477,34021,69419,35445,33974,69340,35407,33933,69271,35374,33897,69226,35381,33845,69187,35360,33827,69150,35359,33791,37.69715594,127.8887666
강원도 횡성군,46648,23801,22847,46569,23764,22805,46738,23857,22881,46767,23882,22885,46767,23870,22897,46749,23849,22900,46751,23866,22885,46761,23876,22885,46704,23860,22844,46677,23833,22844,46703,23859,22844,46575,23785,22790,37.49171366,127.9849703
강원도 영월군,39581,20407,19174,39535,20367,19168,39539,20373,19166,39440,20326,19114,39389,20298,19091,39365,20274,19091,39305,20233,19072,39225,20197,19028,39176,20160,19016,39131,20135,18996,39106,20124,18982,39127,20143,18984,37.18370855,128.4617516
강원도 평창군,42550,21743,20807,42570,21746,20824,42511,21722,20789,42435,21682,20753,42398,21666,20732,42368,21632,20736,42343,21629,20714,42315,21619,20696,42259,21601,20658,42238,21601,20637,42218,21605,20613,42106,21550,20556,37.37075556,128.3902789
강원도 정선군,37583,19542,18041,37451,19498,17953,37420,19474,17946,37438,19467,17971,37409,19458,17951,37414,19466,17948,37388,19441,17947,37362,19423,17939,37351,19422,17929,37334,19396,17938,37309,19387,17922,37271,19360,17911,37.38061264,128.6608105
강원도 철원군,46259,24329,21930,46006,24185,21821,45946,24135,21811,45840,24054,21786,45741,23982,21759,45664,23901,21763,45590,23837,21753,45602,23807,21795,45578,23790,21788,45594,23784,21810,45617,23803,21814,45584,23767,21817,38.14658472,127.3125482
강원도 화천군,25077,13594,11483,24986,13555,11431,24987,13547,11440,24979,13513,11466,24972,13481,11491,24915,13430,11485,24837,13376,11461,24764,13343,11421,24680,13286,11394,24720,13329,11391,24912,13497,11415,24917,13495,11422,38.10624708,127.7080903
강원도 양구군,23342,12417,10925,23189,12352,10837,23328,12414,10914,23279,12374,10905,23248,12358,10890,23334,12439,10895,23246,12384,10862,23185,12354,10831,23121,12327,10794,23049,12266,10783,22921,12182,10739,22764,12082,10682,38.10999021,127.9899381
강원도 인제군,32056,17290,14766,31977,17255,14722,31901,17226,14675,31902,17248,14654,31894,17249,14645,31881,17226,14655,31823,17189,14634,31759,17140,14619,31715,17116,14599,31744,17150,14594,31740,17164,14576,31672,17143,14529,38.06952159,128.1697635
강원도 고성군,28052,14664,13388,27928,14589,13339,27936,14579,13357,27860,14531,13329,27649,14406,13243,27554,14350,13204,27458,14281,13177,27398,14244,13154,27320,14182,13138,27283,14164,13119,27239,14130,13109,27260,14114,13146,38.38058598,128.4678781
강원도 양양군,27351,13903,13448,27430,13943,13487,27431,13935,13496,27519,13983,13536,27605,14014,13591,27621,14011,13610,27641,14007,13634,27643,14027,13616,27694,14063,13631,27714,14069,13645,27721,14084,13637,27726,14099,13627,38.07537941,128.6190796
충청북도 청주시,838651,422262,416389,838855,422410,416445,838826,422429,416397,838887,422470,416417,839106,422543,416563,839080,422559,416521,839037,422537,416500,839347,422759,416588,839428,422772,416656,839638,422861,416777,839615,422902,416713,839566,422864,416702,36.64246074,127.4891116
충청북도 충주시,210548,106221,104327,210662,106280,104382,210555,106236,104319,210463,106245,104218,210417,106223,104194,210397,106256,104141,210353,106318,104035,210410,106339,104071,210504,106389,104115,210670,106489,104181,210826,106598,104228,210737,106569,104168,36.99091676,127.9257467
충청북도 제천시,135159,67673,67486,134992,67629,67363,134842,67565,67277,135243,67729,67514,135225,67738,67487,135176,67711,67465,135116,67719,67397,135057,67676,67381,134916,67594,67322,134863,67591,67272,134768,67548,67220,134617,67459,67158,37.13259287,128.1908895
충청북도 보은군,33622,16817,16805,33587,16803,16784,33538,16782,16756,33448,16748,16700,33368,16724,16644,33285,16683,16602,33223,16647,16576,33177,16640,16537,33139,16613,16526,33087,16576,16511,33008,16541,16467,32949,16531,16418,36.48945062,127.7295675
충청북도 옥천군,51410,25873,25537,51332,25844,25488,51372,25879,25493,51371,25880,25491,51330,25861,25469,51331,25866,25465,51237,25828,25409,51196,25809,25387,51132,25786,25346,51056,25729,25327,51034,25723,25311,51023,25707,25316,36.30634045,127.5712259
충청북도 영동군,49380,24498,24882,49215,24385,24830,49177,24380,24797,49179,24383,24796,49166,24387,24779,49068,24331,24737,49016,24295,24721,48931,24273,24658,48883,24242,24641,48874,24237,24637,48877,24254,24623,48738,24181,24557,36.17489697,127.7833915
충청북도 증평군,37220,19194,18026,37162,19179,17983,37187,19186,18001,37378,19299,18079,37480,19362,18118,37540,19378,18162,37494,19358,18136,37487,19371,18116,37469,19375,18094,37447,19362,18085,37419,19357,18062,37392,19350,18042,36.78528798,127.5814568
충청북도 진천군,78781,41126,37655,79172,41344,37828,79526,41528,37998,79919,41750,38169,80233,41908,38325,80382,41978,38404,80595,42089,38506,80731,42174,38557,80933,42283,38650,80942,42292,38650,80962,42318,38644,81084,42388,38696,36.85487116,127.4357457
충청북도 괴산군,38586,19684,18902,38369,19565,18804,38240,19501,18739,38133,19445,18688,37993,19383,18610,37966,19375,18591,37916,19356,18560,37860,19319,18541,37875,19337,18538,37968,19420,18548,38312,19601,18711,39163,20013,19150,36.8153505,127.7866016
충청북도 음성군,95595,50457,45138,95363,50345,45018,95391,50391,45000,95375,50442,44933,95473,50521,44952,95381,50461,44920,95378,50458,44920,95278,50417,44861,95184,50365,44819,95115,50300,44815,95014,50262,44752,94982,50264,44718,36.94021058,127.6904771
충청북도 단양군,30203,15215,14988,30159,15191,14968,30121,15183,14938,30092,15176,14916,30063,15175,14888,30044,15178,14866,30003,15155,14848,29928,15128,14800,29876,15101,14775,29839,15071,14768,29816,15083,14733,29756,15058,14698,36.98510421,128.3655621
충청남도 천안시,646701,329432,317269,647760,329905,317855,648422,330173,318249,649107,330583,318524,649514,330824,318690,649916,331121,318795,650292,331256,319036,650752,331570,319182,651090,331786,319304,651661,332111,319550,651913,332270,319643,652258,332447,319811,36.81508793,127.1139222
충청남도 공주시,107369,53859,53510,107175,53745,53430,107062,53686,53376,107036,53679,53357,107081,53700,53381,107101,53665,53436,107057,53660,53397,106931,53607,53324,106781,53516,53265,106632,53410,53222,106517,53356,53161,106474,53343,53131,36.44652532,127.1190088
충청남도 보령시,101799,51506,50293,101615,51444,50171,101582,51428,50154,101549,51395,50154,101538,51378,50160,101533,51370,50163,101341,51249,50092,101282,51178,50104,101235,51126,50109,101160,51094,50066,101167,51108,50059,101114,51146,49968,36.33347359,126.6127756
충청남도 아산시,313186,161747,151439,313330,161938,151392,313471,162022,151449,313537,162122,151415,313636,162226,151410,313738,162329,151409,313782,162313,151469,313898,162308,151590,313960,162379,151581,314235,162565,151670,314249,162598,151651,314395,162694,151701,36.78992729,127.0024922
충청남도 서산시,174257,89885,84372,174176,89928,84248,174191,89953,84238,174344,90037,84307,174241,90003,84238,174262,90033,84229,174397,90078,84319,174377,90106,84271,174495,90207,84288,174511,90225,84286,174575,90248,84327,174690,90348,84342,36.78478317,126.4503368
충청남도 논산시,120223,60119,60104,120114,60103,60011,120012,60043,59969,120005,60046,59959,119929,59986,59943,119785,59908,59877,119646,59857,59789,119574,59798,59776,119447,59701,59746,119279,59606,59673,119164,59562,59602,118842,59406,59436,36.18720384,127.0986769
충청남도 계룡시,43603,21643,21960,43484,21586,21898,43434,21569,21865,43378,21536,21842,43399,21553,21846,43356,21517,21839,43334,21500,21834,43358,21501,21857,43325,21488,21837,43216,21426,21790,43159,21419,21740,42971,21338,21633,36.27450688,127.2485308
충청남도 당진시,167723,88447,79276,167580,88464,79116,167534,88499,79035,167481,88416,79065,167453,88390,79063,167397,88356,79041,167302,88343,78959,167208,88319,78889,167260,88388,78872,167196,88368,78828,167190,88357,78833,167042,88299,78743,36.88959597,126.6460108
충청남도 금산군,53092,26768,26324,53064,26777,26287,53043,26753,26290,52957,26689,26268,52815,26625,26190,52799,26604,26195,52697,26544,26153,52630,26519,26111,52528,26475,26053,52385,26388,25997,52332,26362,25970,52257,26309,25948,36.10885289,127.4880279
충청남도 부여군,67979,33662,34317,67806,33606,34200,67668,33536,34132,67524,33457,34067,67409,33393,34016,67369,33364,34005,67270,33304,33966,67206,33295,33911,67130,33273,33857,66932,33166,33766,66827,33097,33730,66740,33049,33691,36.27567229,126.9097853
충청남도 서천군,53796,26568,27228,53660,26515,27145,53582,26483,27099,53462,26418,27044,53410,26414,26996,53351,26373,26978,53265,26339,26926,53125,26280,26845,53010,26224,26786,52945,26193,26752,52890,26161,26729,52805,26110,26695,36.08030449,126.6918535
충청남도 청양군,31968,16118,15850,31848,16074,15774,31743,16028,15715,31642,15973,15669,31615,15962,15653,31548,15922,15626,31471,15877,15594,31400,15827,15573,31387,15842,15545,31374,15839,15535,31519,15896,15623,31717,15997,15720,36.45914434,126.8023368
충청남도 홍성군,100956,50185,50771,100799,50092,50707,101203,50324,50879,101037,50227,50810,100983,50213,50770,100952,50187,50765,100809,50120,50689,100790,50100,50690,100701,50059,50642,100749,50100,50649,100598,49994,50604,100423,49931,50492,36.60131617,126.6608455
충청남도 예산군,80045,40161,39884,79935,40108,39827,79819,40068,39751,79791,40060,39731,79661,39978,39683,79684,39982,39702,79647,39964,39683,79594,39956,39638,79523,39923,39600,79466,39899,39567,79400,39869,39531,79238,39806,39432,36.68088766,126.844815
충청남도 태안군,63100,31876,31224,63026,31863,31163,63012,31863,31149,63062,31882,31180,63048,31854,31194,63064,31866,31198,63039,31855,31184,63035,31867,31168,62983,31832,31151,62878,31781,31097,62802,31733,31069,62743,31715,31028,36.74555213,126.2979723
전라북도 전주시,651640,320887,330753,652665,321493,331172,653264,321781,331483,653694,321999,331695,654028,322113,331915,653965,322084,331881,654099,322168,331931,654233,322183,332050,654563,322352,332211,655054,322558,332496,655133,322581,332552,654394,322236,332158,35.82445746,127.1478665
전라북도 군산시,272518,137808,134710,272229,137669,134560,271955,137515,134440,271781,137412,134369,271612,137292,134320,271526,137193,134333,271279,137077,134202,271081,136952,134129,270880,136831,134049,270727,136726,134001,270503,136613,133890,270131,136421,133710,35.96743059,126.7368529
전라북도 익산시,293201,146056,147145,292066,145514,146552,291474,145212,146262,291001,144978,146023,290508,144749,145759,290230,144600,145630,289808,144409,145399,289392,144193,145199,289121,144060,145061,288763,143879,144884,288215,143593,144622,287771,143392,144379,35.94825493,126.9577833
전라북도 정읍시,112016,55435,56581,111886,55384,56502,111711,55314,56397,111535,55218,56317,111411,55170,56241,111332,55132,56200,111126,55031,56095,111026,55004,56022,110899,54923,55976,110785,54887,55898,110728,54848,55880,110541,54736,55805,35.57000284,126.8563525
전라북도 남원시,82505,40472,42033,82321,40388,41933,82153,40317,41836,82095,40263,41832,82008,40233,41775,81927,40197,41730,81898,40168,41730,81819,40129,41690,81756,40069,41687,81665,40000,41665,81528,39932,41596,81441,39884,41557,35.41632997,127.3903679
전라북도 김제시,85184,42259,42925,85024,42182,42842,84886,42089,42797,84734,42023,42711,84636,41976,42660,84591,41950,42641,84481,41889,42592,84355,41831,42524,84266,41789,42477,84113,41719,42394,84035,41688,42347,83895,41624,42271,35.80330016,126.8807361
전라북도 완주군,94316,48395,45921,93861,48147,45714,93564,48022,45542,93382,47908,45474,93205,47805,45400,93111,47750,45361,92975,47689,45286,92872,47634,45238,92595,47502,45093,92419,47394,45025,92384,47385,44999,92220,47290,44930,35.90482498,127.1620039
전라북도 진안군,25917,13003,12914,25891,12988,12903,25910,13022,12888,25871,13012,12859,25814,12995,12819,25757,12958,12799,25727,12948,12779,25710,12935,12775,25686,12918,12768,25645,12920,12725,25623,12919,12704,25697,12966,12731,35.79178512,127.4245692
전라북도 무주군,24558,12203,12355,24503,12181,12322,24473,12165,12308,24432,12146,12286,24388,12128,12260,24348,12108,12240,24349,12107,12242,24326,12082,12244,24350,12105,12245,24284,12075,12209,24281,12073,12208,24303,12090,12213,36.0067837,127.6607417
전라북도 장수군,23174,11514,11660,22954,11427,11527,22878,11384,11494,22809,11333,11476,22722,11296,11426,22696,11276,11420,22665,11260,11405,22617,11231,11386,22566,11222,11344,22529,11210,11319,22464,11170,11294,22441,11165,11276,35.64729167,127.521172
전라북도 임실군,29160,14858,14302,28875,14720,14155,28705,14613,14092,28606,14569,14037,28492,14497,13995,28420,14461,13959,28378,14440,13938,28294,14388,13906,28223,14346,13877,28099,14276,13823,28485,14463,14022,28902,14659,14243,35.61778264,127.2890493
전라북도 순창군,29066,14065,15001,29026,14044,14982,28933,13990,14943,28896,13968,14928,28808,13920,14888,28778,13908,14870,28717,13887,14830,28626,13860,14766,28549,13834,14715,28472,13800,14672,28387,13748,14639,28382,13756,14626,35.37443426,127.1374233
전라북도 고창군,56991,28189,28802,56801,28072,28729,56481,27909,28572,56407,27876,28531,56369,27877,28492,56258,27818,28440,56135,27743,28392,56009,27680,28329,55900,27637,28263,55839,27594,28245,55669,27504,28165,55504,27418,28086,35.43577681,126.7020803
전라북도 부안군,54286,26973,27313,54125,26901,27224,54112,26888,27224,54030,26845,27185,53870,26773,27097,53778,26728,27050,53744,26706,27038,53622,26641,26981,53529,26597,26932,53419,26554,26865,53364,26500,26864,53295,26473,26822,35.73178215,126.7333099
전라남도 목포시,231890,115534,116356,231531,115357,116174,231236,115178,116058,230930,115018,115912,230763,114956,115807,230794,114973,115821,230534,114865,115669,230214,114703,115511,230039,114612,115427,230030,114591,115439,229914,114551,115363,229861,114565,115296,34.81181045,126.3921426
전라남도 여수시,283114,143738,139376,282813,143585,139228,282780,143617,139163,282946,143773,139173,283182,143890,139292,282869,143747,139122,282632,143615,139017,282357,143470,138887,282188,143373,138815,282058,143351,138707,282980,143857,139123,282786,143791,138995,34.76039685,127.6622222
전라남도 순천시,280150,139529,140621,280393,139644,140749,280389,139671,140718,280361,139699,140662,280241,139647,140594,280646,139876,140770,280735,139871,140864,280886,139981,140905,281171,140120,141051,281534,140307,141227,281227,140164,141063,279598,139324,140274,34.95062457,127.48737
전라남도 나주시,114129,57397,56732,114460,57528,56932,114709,57661,57048,114815,57708,57107,114744,57677,57067,114608,57617,56991,114525,57556,56969,114495,57561,56934,114476,57564,56912,114500,57562,56938,114522,57547,56975,114664,57668,56996,35.0158853,126.7108524
전라남도 광양시,153879,79681,74198,152737,79105,73632,152266,78848,73418,152104,78790,73314,151968,78740,73228,151834,78687,73147,151729,78647,73082,151542,78550,72992,151240,78396,72844,151019,78273,72746,151592,78622,72970,156750,81365,75385,34.94070146,127.6958891
전라남도 담양군,46754,23624,23130,46699,23623,23076,46582,23590,22992,46603,23607,22996,46476,23539,22937,46370,23481,22889,46273,23428,22845,46222,23382,22840,46153,23365,22788,46283,23510,22773,46439,23668,22771,46535,23719,22816,35.32122516,126.9881958
전라남도 곡성군,29577,14390,15187,29462,14341,15121,29606,14402,15204,29530,14365,15165,29420,14312,15108,29368,14293,15075,29313,14282,15031,29208,14238,14970,29112,14190,14922,29034,14157,14877,28977,14136,14841,28887,14114,14773,35.2820633,127.2920961
전라남도 구례군,26810,13031,13779,26634,12956,13678,26541,12895,13646,26474,12869,13605,26357,12806,13551,26308,12785,13523,26210,12759,13451,26151,12727,13424,26126,12714,13412,26105,12701,13404,26128,12700,13428,26563,12924,13639,35.20250131,127.4627157
전라남도 고흥군,65748,31776,33972,65745,31753,33992,65621,31719,33902,65570,31709,33861,65504,31692,33812,65435,31654,33781,65341,31592,33749,65234,31538,33696,65165,31516,33649,65071,31461,33610,64976,31441,33535,64913,31445,33468,34.60477493,127.2762856
전라남도 보성군,42714,20676,22038,42582,20611,21971,42427,20515,21912,42262,20442,21820,42235,20423,21812,42145,20382,21763,42047,20331,21716,41897,20270,21627,41748,20207,21541,41618,20137,21481,41540,20124,21416,41420,20063,21357,34.77147634,127.079973
전라남도 화순군,63658,31380,32278,63607,31330,32277,63547,31298,32249,63499,31276,32223,63451,31271,32180,63297,31197,32100,63033,31088,31945,62896,31038,31858,62896,31068,31828,62806,31034,31772,62730,31010,31720,62737,31061,31676,35.06454988,126.9866674
전라남도 장흥군,39225,19035,20190,39091,18950,20141,39044,18939,20105,38967,18898,20069,38959,18882,20077,38896,18851,20045,38842,18815,20027,38780,18786,19994,38680,18737,19943,38680,18720,19960,38628,18697,19931,38563,18690,19873,34.68163168,126.9071449
전라남도 강진군,36023,17302,18721,35886,17241,18645,35830,17212,18618,35755,17157,18598,35653,17095,18558,35599,17077,18522,35569,17066,18503,35504,17037,18467,35451,17011,18440,35420,16988,18432,35376,16967,18409,35286,16944,18342,34.64205355,126.7672373
전라남도 해남군,71675,35175,36500,71432,35061,36371,71371,35042,36329,71214,34966,36248,71152,34950,36202,71087,34914,36173,70936,34836,36100,70812,34811,36001,70676,34774,35902,70558,34719,35839,70500,34701,35799,70354,34642,35712,34.57338485,126.5992923
전라남도 영암군,54629,28057,26572,54472,27970,26502,54345,27892,26453,54287,27857,26430,54284,27837,26447,54178,27781,26397,54295,27844,26451,54535,27970,26565,54624,28029,26595,54623,28014,26609,54579,28016,26563,54593,28027,26566,34.80016406,126.6967832
전라남도 무안군,82055,41128,40927,81881,41066,40815,81774,41029,40745,81808,41037,40771,81657,40973,40684,81488,40866,40622,81447,40838,40609,81301,40763,40538,81250,40742,40508,81201,40713,40488,81189,40689,40500,81105,40659,40446,34.99040352,126.481689
전라남도 함평군,33339,16605,16734,33233,16568,16665,33175,16543,16632,33107,16528,16579,33106,16515,16591,33050,16489,16561,33019,16474,16545,32989,16462,16527,32976,16435,16541,32940,16431,16509,32888,16401,16487,32861,16404,16457,35.06589788,126.5165996
전라남도 영광군,54091,26971,27120,54037,26931,27106,54060,26927,27133,54040,26914,27126,53988,26890,27098,53959,26864,27095,53958,26856,27102,53914,26833,27081,53911,26843,27068,53888,26818,27070,53855,26800,27055,53852,26828,27024,35.27718056,126.5119711
전라남도 장성군,45740,23218,22522,45692,23186,22506,45542,23103,22439,45631,23193,22438,45501,23137,22364,45676,23278,22398,45542,23226,22316,45466,23207,22259,45618,23368,22250,45537,23319,22218,45667,23429,22238,45739,23489,22250,35.3018382,126.7849389
전라남도 완도군,51406,25804,25602,51296,25741,25555,51237,25709,25528,51213,25688,25525,51175,25670,25505,51146,25664,25482,51096,25631,25465,51023,25578,25445,50892,25527,25365,50821,25504,25317,50738,25469,25269,50689,25457,25232,34.31099974,126.7549467
전라남도 진도군,31147,15283,15864,31103,15264,15839,31117,15289,15828,31032,15236,15796,30966,15207,15759,30958,15197,15761,30921,15183,15738,30877,15157,15720,30825,15134,15691,30769,15122,15647,30744,15113,15631,30715,15093,15622,34.48679563,126.2634295
전라남도 신안군,41151,21854,19297,41076,21813,19263,41033,21802,19231,41035,21828,19207,40936,21772,19164,40876,21756,19120,40859,21738,19121,40791,21703,19088,40698,21639,19059,40544,21561,18983,40399,21472,18927,40274,21402,18872,34.83357423,126.3514524
경상북도 포항시,509964,257790,252174,509477,257479,251998,509192,257332,251860,509064,257231,251833,508772,257075,251697,508537,256940,251597,508442,256896,251546,508249,256810,251439,507848,256594,251254,507662,256467,251195,507430,256335,251095,507025,256140,250885,36.01937542,129.3433639
경상북도 경주시,256653,128676,127977,256531,128594,127937,256357,128535,127822,256426,128565,127861,256255,128489,127766,256141,128401,127740,255874,128255,127619,255674,128177,127497,255499,128041,127458,255448,128001,127447,255489,128004,127485,255402,127928,127474,35.85626282,129.2248116
경상북도 김천시,140963,70582,70381,140947,70596,70351,141315,70830,70485,141397,70875,70522,141466,70894,70572,141533,70925,70608,141433,70882,70551,141380,70816,70564,141374,70815,70559,141355,70791,70564,141320,70820,70500,141229,70743,70486,36.13983232,128.1135643
경상북도 안동시,161672,79972,81700,161418,79871,81547,160932,79607,81325,160737,79532,81205,160484,79420,81064,160481,79396,81085,160263,79306,80957,160125,79232,80893,160073,79221,80852,160141,79247,80894,160112,79258,80854,160052,79239,80813,36.56831833,128.7295868
경상북도 구미시,421140,215709,205431,420770,215542,205228,420392,215365,205027,420294,215341,204953,420463,215480,204983,420507,215545,204962,420468,215574,204894,420399,215526,204873,420319,215531,204788,420230,215431,204799,420095,215354,204741,419742,215208,204534,36.1198418,128.3443068
경상북도 영주시,106621,52869,53752,106423,52786,53637,106269,52690,53579,106100,52604,53496,105901,52510,53391,105746,52441,53305,105640,52399,53241,105519,52313,53206,105404,52255,53149,105327,52212,53115,105196,52129,53067,105067,52060,53007,36.80565236,128.6238768
경상북도 영천시,101234,51266,49968,101109,51192,49917,101269,51299,49970,101360,51343,50017,101779,51577,50202,102154,51823,50331,102034,51752,50282,101958,51709,50249,102266,51944,50322,102300,52001,50299,102433,52099,50334,102470,52100,50370,35.97349135,128.9382431
경상북도 상주시,100037,48928,51109,99844,48871,50973,100092,49066,51026,100051,49052,50999,99927,48991,50936,99767,48919,50848,99626,48848,50778,99637,48872,50765,99568,48839,50729,99521,48805,50716,99706,48933,50773,100688,49378,51310,36.41095303,128.1589549
경상북도 문경시,71859,35188,36671,71798,35155,36643,71926,35206,36720,71939,35221,36718,71924,35230,36694,72251,35373,36878,72138,35331,36807,72073,35288,36785,72004,35256,36748,71973,35258,36715,71954,35238,36716,72242,35391,36851,36.58683084,128.1870005
경상북도 경산시,261045,131476,129569,261037,131479,129558,261133,131573,129560,261087,131565,129522,261374,131697,129677,261924,131976,129948,262331,132202,130129,262510,132250,130260,262628,132313,130315,262724,132374,130350,262986,132477,130509,263185,132616,130569,35.82511073,128.741326
경상북도 군위군,23819,12137,11682,23766,12124,11642,23729,12108,11621,23699,12100,11599,23669,12082,11587,23617,12053,11564,23641,12064,11577,23647,12063,11584,23677,12079,11598,23674,12086,11588,23724,12108,11616,23843,12166,11677,36.24293664,128.5728369
경상북도 의성군,52872,25803,27069,52799,25793,27006,52737,25750,26987,52679,25734,26945,52661,25722,26939,52628,25721,26907,52591,25708,26883,52583,25710,26873,52606,25712,26894,52528,25671,26857,52542,25678,26864,52595,25720,26875,36.35271338,128.6971422
경상북도 청송군,25729,12795,12934,25688,12780,12908,25657,12770,12887,25643,12766,12877,25583,12742,12841,25567,12741,12826,25531,12729,12802,25477,12715,12762,25470,12708,12762,25459,12705,12754,25450,12695,12755,25416,12694,12722,36.43628135,129.0569723
경상북도 영양군,17281,8530,8751,17227,8520,8707,17206,8508,8698,17193,8493,8700,17162,8483,8679,17139,8470,8669,17096,8450,8646,17065,8448,8617,17050,8442,8608,17015,8418,8597,17031,8426,8605,16993,8419,8574,36.66667945,129.1122616
경상북도 영덕군,38032,18067,19965,37900,18007,19893,37886,18008,19878,37837,17976,19861,37740,17927,19813,37669,17895,19774,37638,17881,19757,37598,17868,19730,37603,17889,19714,37560,17871,19689,37461,17820,19641,37361,17777,19584,36.41501475,129.3656654
경상북도 청도군,43058,21135,21923,43105,21187,21918,43060,21142,21918,43087,21152,21935,43060,21148,21912,43040,21128,21912,43002,21112,21890,42962,21092,21870,42896,21060,21836,42914,21072,21842,42925,21072,21853,42910,21065,21845,35.64740052,128.733963
경상북도 고령군,32912,16803,16109,32837,16757,16080,32847,16766,16081,32774,16731,16043,32688,16686,16002,32622,16648,15974,32614,16650,15964,32554,16621,15933,32492,16598,15894,32428,16565,15863,32355,16536,15819,32373,16548,15825,35.72611222,128.2629519
경상북도 성주군,44484,22925,21559,44410,22901,21509,44350,22857,21493,44312,22839,21473,44187,22768,21419,44081,22703,21378,44065,22699,21366,43968,22637,21331,43937,22634,21303,43876,22620,21256,43818,22599,21219,44015,22716,21299,35.91943449,128.2831702
경상북도 칠곡군,118759,61895,56864,118681,61865,56816,118584,61828,56756,118389,61740,56649,118161,61634,56527,117954,61529,56425,117864,61466,56398,117740,61408,56332,117581,61316,56265,117504,61269,56235,117357,61184,56173,117047,61063,55984,35.99558435,128.4016028
경상북도 예천군,53440,26243,27197,53611,26309,27302,53988,26505,27483,54290,26650,27640,54493,26741,27752,54555,26781,27774,54666,26813,27853,54810,26885,27925,54916,26940,27976,54972,26992,27980,55074,27048,28026,55100,27032,28068,36.64687138,128.4372484
경상북도 봉화군,32738,16368,16370,32699,16377,16322,32660,16381,16279,32649,16386,16263,32606,16357,16249,32546,16322,16224,32502,16307,16195,32423,16280,16143,32382,16251,16131,32300,16209,16091,32278,16197,16081,32150,16146,16004,36.8930961,128.7323988
경상북도 울진군,49941,24943,24998,49773,24870,24903,49732,24851,24881,49650,24808,24842,49608,24780,24828,49589,24771,24818,49557,24762,24795,49526,24757,24769,49465,24731,24734,49446,24723,24723,49383,24696,24687,49314,24658,24656,36.99308703,129.4004941
경상북도 울릉군,9752,5292,4460,9737,5289,4448,9723,5278,4445,9718,5282,4436,9768,5309,4459,9802,5321,4481,9820,5330,4490,9780,5305,4475,9737,5287,4450,9715,5286,4429,9656,5256,4400,9617,5230,4387,37.48434523,130.9057502
경상남도 창원시,1053290,533959,519331,1052458,533538,518920,1051118,532841,518277,1049897,532206,517691,1049052,531736,517316,1048279,531251,517028,1047856,531054,516802,1047210,530669,516541,1046599,530311,516288,1046054,529964,516090,1045627,529722,515905,1044740,529262,515478,35.22797503,128.6818146
경상남도 진주시,346089,171366,174723,346451,171508,174943,346538,171562,174976,346678,171612,175066,346814,171640,175174,346877,171686,175191,347119,171798,175321,347336,171891,175445,347413,171912,175501,347548,171967,175581,347477,171932,175545,347334,171834,175500,35.18030228,128.1086628
경상남도 통영시,133489,67176,66313,133119,66979,66140,132887,66891,65996,132676,66785,65891,132479,66689,65790,132327,66598,65729,132203,66523,65680,132021,66441,65580,131868,66332,65536,131810,66289,65521,131659,66192,65467,131404,66053,65351,34.85392667,128.4339955
경상남도 사천시,113740,57308,56432,113335,57119,56216,113175,57035,56140,112975,56961,56014,112855,56924,55931,112742,56884,55858,112603,56789,55814,112422,56686,55736,112212,56575,55637,112122,56528,55594,112015,56493,55522,111925,56451,55474,35.00329629,128.0642328
경상남도 김해시,534231,270005,264226,534718,270312,264406,535497,270733,264764,536707,271344,265363,537502,271799,265703,538501,272312,266189,539292,272598,266694,539965,272935,267030,540333,273167,267166,541123,273624,267499,541807,273958,267849,542455,274336,268119,35.22857717,128.8892552
경상남도 밀양시,106642,52136,54506,106475,52041,54434,106330,51973,54357,106240,51939,54301,106131,51848,54283,106065,51813,54252,106007,51791,54216,105908,51742,54166,105835,51717,54118,105744,51674,54070,105660,51651,54009,105552,51618,53934,35.50388523,128.7466943
경상남도 거제시,250118,130774,119344,249490,130450,119040,249059,130192,118867,248856,130115,118741,248764,130077,118687,248742,130087,118655,248689,130076,118613,248581,130017,118564,248469,130013,118456,248524,130147,118377,248413,130124,118289,248276,130141,118135,34.88091089,128.6218113
경상남도 양산시,349265,175500,173765,349545,175626,173919,349816,175782,174034,349925,175838,174087,349763,175736,174027,349544,175575,173969,349557,175605,173952,349500,175560,173940,349569,175588,173981,349830,175717,174113,350165,175810,174355,350759,176114,174645,35.33501899,129.0376034
경상남도 의령군,27578,13390,14188,27550,13392,14158,27510,13366,14144,27487,13372,14115,27444,13359,14085,27408,13358,14050,27344,13321,14023,27322,13312,14010,27265,13287,13978,27212,13256,13956,27161,13230,13931,27168,13242,13926,35.32219253,128.2617007
경상남도 함안군,66947,33876,33071,66713,33783,32930,66550,33695,32855,66406,33616,32790,66317,33561,32756,66201,33523,32678,66132,33481,32651,66022,33431,32591,65980,33388,32592,65901,33315,32586,65812,33256,32556,65700,33203,32497,35.2724085,128.406507
경상남도 창녕군,63221,31416,31805,63031,31339,31692,62985,31350,31635,62860,31287,31573,62751,31220,31531,62646,31171,31475,62547,31116,31431,62470,31077,31393,62421,31053,31368,62460,31092,31368,62421,31062,31359,62331,31015,31316,35.54461845,128.4922353
경상남도 고성군,53198,26641,26557,53196,26722,26474,53145,26688,26457,53017,26603,26414,52904,26543,26361,52836,26501,26335,52677,26407,26270,52602,26374,26228,52505,26325,26180,52433,26284,26149,52312,26235,26077,52276,26208,26068,34.97308291,128.3224483
경상남도 남해군,43993,21055,22938,43958,21059,22899,44184,21212,22972,44163,21199,22964,44106,21196,22910,44057,21174,22883,43980,21139,22841,43909,21107,22802,43811,21053,22758,43772,21044,22728,43709,21024,22685,43622,20988,22634,34.83768596,127.8925293
경상남도 하동군,47302,23442,23860,47135,23357,23778,47072,23318,23754,47056,23326,23730,47170,23381,23789,47090,23327,23763,46914,23256,23658,46886,23266,23620,46790,23219,23571,46642,23174,23468,46529,23131,23398,46574,23149,23425,35.06734434,127.7513032
경상남도 산청군,35886,17554,18332,35803,17508,18295,35730,17444,18286,35713,17439,18274,35678,17431,18247,35652,17407,18245,35550,17355,18195,35527,17339,18188,35468,17313,18155,35396,17282,18114,35380,17277,18103,35417,17321,18096,35.41510337,127.8738913
경상남도 함양군,40007,19168,20839,39954,19134,20820,39940,19138,20802,39922,19142,20780,39907,19138,20769,39885,19145,20740,39832,19140,20692,39800,19135,20665,39756,19137,20619,39708,19113,20595,39667,19103,20564,39637,19097,20540,35.52053795,127.7251843
경상남도 거창군,62380,30317,32063,62342,30266,32076,62702,30553,32149,62676,30567,32109,62628,30567,32061,62589,30546,32043,62488,30481,32007,62343,30416,31927,62365,30468,31897,62344,30428,31916,62278,30393,31885,62179,30345,31834,35.68666343,127.9094852
경상남도 합천군,45838,21970,23868,45743,21929,23814,45711,21893,23818,45679,21881,23798,45592,21843,23749,45548,21819,23729,45496,21800,23696,45458,21784,23674,45380,21742,23638,45260,21684,23576,45182,21654,23528,45204,21655,23549,35.56668331,128.1658663
제주특별자치도 제주시,486150,244099,242051,486306,244153,242153,486756,244397,242359,487143,244543,242600,487697,244826,242871,488072,244980,243092,488447,245154,243293,488632,245244,243388,488823,245349,243474,489089,245440,243649,489230,245481,243749,489405,245533,243872,33.49958268,126.5312361
제주특별자치도 서귀포시,181187,91714,89473,181216,91712,89504,181364,91829,89535,181505,91886,89619,181631,91891,89740,181699,91964,89735,181762,91954,89808,181889,91962,89927,181787,91908,89879,181649,91842,89807,181665,91858,89807,181584,91812,89772,33.25531026,126.5349109
