행정구역,2021년01월_총인구수,2021년01월_남자 인구수,2021년01월_여자 인구수,2021년02월_총인구수,2021년02월_남자 인구수,2021년02월_여자 인구수,2021년03월_총인구수,2021년03월_남자 인구수,2021년03월_여자 인구수,2021년04월_총인구수,2021년04월_남자 인구수,2021년04월_여자 인구수,2021년05월_총인구수,2021년05월_남자 인구수,2021년05월_여자 인구수,2021년06월_총인구수,2021년06월_남자 인구수,2021년06월_여자 인구수,2021년07월_총인구수,2021년07월_남자 인구수,2021년07월_여자 인구수,2021년08월_총인구수,2021년08월_남자 인구수,2021년08월_여자 인구수,2021년09월_총인구수,2021년09월_남자 인구수,2021년09월_여자 인구수,2021년10월_총인구수,2021년10월_남자 인구수,2021년10월_여자 인구수,2021년11월_총인구수,2021년11월_남자 인구수,2021년11월_여자 인구수,2021년12월_총인구수,2021년12월_남자 인구수,2021년12월_여자 인구수,위도,경도
서울특별시 종로구,149125,72528,76597,148884,72372,76512,147296,71644,75652,147113,71567,75546,146377,71204,75173,146029,70985,75044,145692,70810,74882,145551,70715,74836,145512,70666,74846,145346,70552,74794,145073,70393,74680,144683,70183,74500,37.57364689,126.978984
서울특별시 중구,125038,61122,63916,124836,61018,63818,124552,60851,63701,124477,60787,63690,123133,60106,63027,123016,60019,62997,122951,59945,63006,122852,59868,62984,122858,59853,63005,122781,59802,62979,122673,59743,62930,122499,59630,62869,37.5639284,126.9975517
서울특별시 용산구,230045,110700,119345,230113,110646,119467,229013,110181,118832,228755,110038,118717,227515,109494,118021,226378,108948,117430,225977,108709,117268,224977,108220,116757,224145,107801,116344,223713,107607,116106,223442,107486,115956,222953,107210,115743,37.53253057,126.9907138
서울특별시 성동구,293103,143151,149952,292537,142904,149633,291906,142506,149400,291534,142277,149257,289656,141358,148298,289162,141042,148120,288703,140811,147892,288214,140517,147697,287820,140290,147530,287174,139958,147216,286599,139709,146890,285990,139380,146610,37.56361329,127.0369234
서울특별시 광진구,346067,166964,179103,345248,166535,178713,343392,165747,177645,343006,165555,177451,342812,165461,177351,342481,165233,177248,342111,165039,177072,341505,164748,176757,341112,164553,176559,340814,164425,176389,340339,164212,176127,339996,164058,175938,37.53857836,127.0821862
서울특별시 동대문구,342034,169337,172697,341756,169139,172617,338875,167895,170980,338480,167643,170837,338233,167463,170770,338040,167335,170705,337946,167252,170694,337857,167140,170717,337846,167083,170763,337538,166842,170696,337316,166591,170725,337400,166646,170754,37.57441406,127.0398434
서울특별시 중랑구,394532,194990,199542,393933,194665,199268,392041,193752,198289,391502,193444,198058,390476,192923,197553,389972,192688,197284,389428,192355,197073,388911,192060,196851,388554,191832,196722,388218,191601,196617,387667,191305,196362,387350,191112,196238,37.60648307,127.0931308
서울특별시 성북구,437684,211123,226561,437961,211283,226678,434826,209902,224924,434383,209667,224716,433988,209407,224581,433658,209210,224448,433361,209004,224357,432815,208711,224104,432628,208592,224036,432081,208308,223773,431313,207979,223334,430528,207578,222950,37.58960402,127.0167645
서울특별시 강북구,307487,149822,157665,306639,149427,157212,304078,148306,155772,303622,148033,155589,303154,147824,155330,302645,147542,155103,302113,147237,154876,301430,146919,154511,300887,146613,154274,300278,146240,154038,299792,146000,153792,299182,145705,153477,37.6399466,127.0255077
서울특별시 도봉구,324281,158103,166178,323431,157603,165828,321717,156810,164907,321227,156570,164657,320687,156282,164405,320365,156080,164285,319893,155869,164024,319211,155523,163688,318718,155212,163506,318299,154970,163329,317943,154794,163149,317366,154487,162879,37.66898579,127.0470495
서울특별시 노원구,521852,251763,270089,520366,250929,269437,518278,249942,268336,517417,249522,267895,516552,249029,267523,515997,248719,267278,515198,248250,266948,514050,247676,266374,513053,247118,265935,512129,246650,265479,511275,246182,265093,510956,246053,264903,37.65423107,127.0565938
서울특별시 은평구,479223,229827,249396,478336,229318,249018,475501,227910,247591,474843,227446,247397,475143,227496,247647,475371,227584,247787,475008,227339,247669,474414,226964,247450,474062,226833,247229,473369,226514,246855,473468,226555,246913,473307,226458,246849,37.60291898,126.929256
서울특별시 서대문구,311720,149211,162509,311132,148908,162224,308482,147655,160827,307825,147264,160561,307406,147056,160350,307070,146844,160226,306839,146724,160115,306472,146553,159919,306249,146388,159861,305840,146208,159632,305443,145990,159453,304819,145694,159125,37.57943924,126.9365268
서울특별시 마포구,371492,174958,196534,371200,174741,196459,368518,173624,194894,369577,174050,195527,369970,174194,195776,370132,174200,195932,370185,174291,195894,370053,174204,195849,369903,174119,195784,369695,173985,195710,369238,173725,195513,368905,173504,195401,37.56628642,126.9014899
서울특별시 양천구,453382,222417,230965,454270,222789,231481,452677,222010,230667,452112,221708,230404,451541,221431,230110,450992,221140,229852,450431,220815,229616,449603,220421,229182,449010,220075,228935,448634,219862,228772,448061,219606,228455,447302,219214,228088,37.51714651,126.8665429
서울특별시 강서구,579176,279458,299718,579082,279269,299813,577320,278444,298876,577580,278466,299114,577484,278408,299076,577519,278360,299159,577058,278142,298916,576361,277705,298656,575875,277388,298487,575370,277041,298329,574789,276624,298165,574315,276292,298023,37.55110585,126.8495849
서울특별시 구로구,403518,199243,204275,402642,198687,203955,401074,198034,203040,400399,197653,202746,399950,197398,202552,399266,197034,202232,398744,196713,202031,397887,196249,201638,397506,196027,201479,397330,195909,201421,397058,195741,201317,396754,195537,201217,37.49570011,126.8876391
서울특별시 금천구,231634,117141,114493,231290,116950,114340,229844,116322,113522,229639,116211,113428,229823,116292,113531,230168,116491,113677,230665,116699,113966,230759,116714,114045,230644,116588,114056,230740,116588,114152,230839,116574,114265,230811,116527,114284,37.45695405,126.895379
서울특별시 영등포구,380169,187960,192209,380443,188029,192414,377590,186692,190898,377696,186652,191044,377577,186564,191013,377421,186482,190939,377408,186432,190976,377655,186526,191129,377536,186414,191122,377524,186390,191134,377048,186047,191001,376837,185926,190911,37.52652266,126.8962345
서울특별시 동작구,390433,188743,201690,389754,188428,201326,388730,188045,200685,388672,188032,200640,388396,187942,200454,387847,187617,200230,387810,187614,200196,387558,187510,200048,387117,187286,199831,386246,186863,199383,386051,186710,199341,385483,186426,199057,37.51261701,126.9397997
서울특별시 관악구,494175,247853,246322,493374,247472,245902,490352,246097,244255,489464,245666,243798,489160,245552,243608,488800,245404,243396,488525,245370,243155,488304,245308,242996,488029,245220,242809,487357,244844,242513,486427,244367,242060,485699,243991,241708,37.47828858,126.9514609
서울특별시 서초구,424707,203097,221610,423829,202692,221137,421315,201619,219696,420318,201075,219243,419121,200485,218636,418407,200163,218244,418294,200107,218187,417568,199722,217846,416285,199068,217217,415083,198470,216613,413363,197606,215757,412279,197034,215245,37.48375739,127.0326987
서울특별시 강남구,538536,257647,280889,537879,257231,280648,534796,255880,278916,533579,255243,278336,532296,254558,277738,531375,254139,277236,530529,253799,276730,532818,254936,277882,533359,255264,278095,533878,255473,278405,533557,255319,278238,533042,255047,277995,37.51768528,127.047386
서울특별시 송파구,667222,321948,345274,665463,320991,344472,661411,319047,342364,660160,318374,341786,659446,317981,341465,658670,317531,341139,658093,317209,340884,658991,317635,341356,659385,317784,341601,659239,317773,341466,658841,317596,341245,658338,317346,340992,37.5146405,127.105894
서울특별시 강동구,461334,226893,234441,464208,228256,235952,464900,228609,236291,465331,228768,236563,465459,228812,236647,465209,228652,236557,465191,228642,236549,464411,228196,236215,464163,228002,236161,463752,227755,235997,463265,227436,235829,462664,227002,235662,37.53028931,127.1237639
부산광역시 중구,41549,20269,21280,41551,20262,21289,41370,20169,21201,41311,20122,21189,41209,20065,21144,40561,19799,20762,40666,19862,20804,40713,19862,20851,40708,19863,20845,40676,19838,20838,40556,19777,20779,40524,19755,20769,35.10653923,129.0322797
부산광역시 서구,107978,52295,55683,107824,52194,55630,106451,51583,54868,106545,51621,54924,106556,51591,54965,106422,51510,54912,106314,51476,54838,105996,51308,54688,105813,51212,54601,105557,51084,54473,105406,50990,54416,105164,50853,54311,35.09811743,129.0242148
부산광역시 동구,88763,43462,45301,88639,43370,45269,88218,43213,45005,88159,43185,44974,88080,43109,44971,87916,43012,44904,87764,42907,44857,87585,42817,44768,87595,42854,44741,87705,42908,44797,87770,42946,44824,87679,42877,44802,35.12951925,129.0454126
부산광역시 영도구,113048,55697,57351,112809,55571,57238,111507,54997,56510,111387,54958,56429,111574,55016,56558,111685,55061,56624,111580,54999,56581,111386,54888,56498,111210,54786,56424,111111,54707,56404,110901,54612,56289,110638,54471,56167,35.09140559,129.0678947
부산광역시 부산진구,359978,173861,186117,360025,173763,186262,357645,172703,184942,357193,172498,184695,356706,172228,184478,356091,171921,184170,355589,171638,183951,355138,171257,183881,354924,171079,183845,354428,170785,183643,353769,170491,183278,353159,170181,182978,35.16304228,129.0530903
부산광역시 동래구,270695,131698,138997,270678,131712,138966,269497,131207,138290,268996,130880,138116,268616,130672,137944,268391,130542,137849,267994,130335,137659,267672,130155,137517,267425,130024,137401,266912,129758,137154,266570,129568,137002,266866,129681,137185,35.1967203,129.0930973
부산광역시 남구,267351,130792,136559,266989,130623,136366,265759,130080,135679,265194,129786,135408,264679,129523,135156,264098,129199,134899,263764,128982,134782,263333,128710,134623,263262,128663,134599,263236,128616,134620,262856,128411,134445,262069,127955,134114,35.1367524,129.0844303
부산광역시 북구,283452,140245,143207,282799,139828,142971,281851,139355,142496,282073,139491,142582,283138,140032,143106,283612,140238,143374,283696,140241,143455,283901,140302,143599,283937,140255,143682,283766,140183,143583,283584,140023,143561,283211,139795,143416,35.19746596,128.9902986
부산광역시 해운대구,401710,193341,208369,401280,193072,208208,400083,192576,207507,399821,192392,207429,399222,192102,207120,399015,191985,207030,398645,191773,206872,398117,191483,206634,397918,191304,206614,397516,191154,206362,397071,190933,206138,396438,190624,205814,35.16335254,129.1638847
부산광역시 사하구,311052,154893,156159,310740,154760,155980,309302,154063,155239,308684,153718,154966,308036,153413,154623,307559,153124,154435,306866,152755,154111,306885,152766,154119,306843,152726,154117,306605,152569,154036,306421,152471,153950,306003,152197,153806,35.1045808,128.9749752
부산광역시 금정구,231959,113238,118721,231743,113219,118524,230605,112741,117864,230204,112515,117689,229704,112308,117396,229222,112056,117166,229228,112049,117179,229240,112060,117180,229350,112095,117255,229148,111981,117167,228936,111882,117054,228049,111513,116536,35.2430003,129.0921739
부산광역시 강서구,138610,71620,66990,139088,71882,67206,139239,72000,67239,139652,72239,67413,140215,72541,67674,140720,72824,67896,141226,73100,68126,141688,73380,68308,142104,73623,68481,142444,73811,68633,142768,73971,68797,142918,74047,68871,35.21241036,128.9804872
부산광역시 연제구,208900,100563,108337,208743,100450,108293,207419,99948,107471,206979,99693,107286,206547,99464,107083,206239,99280,106959,205936,99089,106847,205700,99010,106690,205676,99000,106676,205607,98989,106618,205742,99042,106700,207144,99761,107383,35.17640584,129.0796413
부산광역시 수영구,176742,83514,93228,176703,83512,93191,176145,83280,92865,176276,83320,92956,176062,83210,92852,175877,83071,92806,175722,83010,92712,175815,83040,92775,175799,83017,92782,175583,82913,92670,175389,82790,92599,175095,82609,92486,35.14574351,129.1131838
부산광역시 사상구,212173,107191,104982,212038,107128,104910,211252,106717,104535,210943,106530,104413,210579,106324,104255,210333,106185,104148,210005,106013,103992,209547,105794,103753,209410,105690,103720,209138,105543,103595,208727,105299,103428,208298,105034,103264,35.15280367,128.9911898
부산광역시 기장군,175428,86848,88580,176112,87194,88918,176056,87172,88884,176287,87304,88983,176411,87367,89044,176617,87484,89133,176786,87565,89221,176811,87546,89265,176789,87499,89290,176879,87529,89350,177161,87661,89500,177125,87691,89434,35.24482811,129.2222634
대구광역시 중구,76382,36724,39658,76159,36586,39573,75647,36334,39313,75366,36199,39167,75133,36106,39027,74727,35922,38805,74433,35757,38676,74125,35580,38545,74032,35535,38497,74682,35858,38824,74793,35927,38866,74791,35948,38843,35.86947505,128.6060564
대구광역시 동구,341498,168218,173280,341661,168276,173385,342656,168722,173934,342468,168584,173884,341730,168209,173521,340693,167668,173025,340426,167503,172923,340242,167453,172789,340024,167322,172702,340575,167505,173070,341114,167733,173381,341436,167888,173548,35.88681859,128.6355584
대구광역시 서구,170383,85396,84987,170005,85148,84857,169432,84873,84559,169022,84624,84398,168704,84423,84281,167773,83975,83798,167270,83659,83611,166878,83453,83425,166406,83187,83219,165862,82929,82933,165208,82574,82634,164528,82241,82287,35.87200214,128.5592204
대구광역시 남구,146428,70355,76073,146255,70279,75976,146006,70169,75837,146188,70219,75969,146066,70118,75948,145105,69755,75350,144889,69663,75226,144564,69510,75054,144484,69457,75027,144119,69287,74832,143645,69066,74579,143175,68799,74376,35.84618324,128.5973754
대구광역시 북구,439906,218975,220931,439218,218625,220593,438365,218197,220168,438248,218144,220104,437892,218036,219856,437333,217669,219664,437083,217540,219543,436827,217339,219488,437146,217543,219603,436499,217197,219302,436567,217189,219378,437008,217420,219588,35.88430565,128.5815912
대구광역시 수성구,424112,205210,218902,423937,205155,218782,422759,204586,218173,421840,204076,217764,420820,203573,217247,419979,203195,216784,420048,203235,216813,419837,203120,216717,419536,202912,216624,418833,202574,216259,418014,202137,215877,417097,201689,215408,35.85823498,128.6305627
대구광역시 달서구,557404,274911,282493,555948,274175,281773,554177,273311,280866,552975,272745,280230,552192,272325,279867,551490,271953,279537,550640,271525,279115,549494,270975,278519,548694,270482,278212,547340,269775,277565,545983,269093,276890,544926,268498,276428,35.82992525,128.5326441
대구광역시 달성군,259700,131867,127833,260008,132000,128008,259833,131878,127955,260189,132072,128117,260403,132187,128216,260546,132243,128303,260960,132469,128491,261659,132793,128866,262465,133202,129263,262811,133361,129450,262906,133417,129489,262451,133149,129302,35.77475899,128.4313244
인천광역시 중구,139762,72524,67238,139776,72561,67215,139325,72400,66925,139548,72529,67019,139930,72745,67185,140175,72886,67289,140641,73107,67534,141341,73472,67869,142053,73787,68266,142618,74127,68491,143052,74366,68686,143633,74679,68954,37.47393798,126.6215171
인천광역시 동구,62485,31549,30936,62381,31515,30866,61755,31200,30555,61680,31159,30521,61530,31066,30464,61436,31040,30396,62258,31461,30797,62410,31517,30893,62244,31417,30827,61977,31266,30711,61716,31120,30596,61486,30998,30488,37.4740331,126.6432655
인천광역시 미추홀구,404843,203854,200989,405125,204002,201123,404175,203664,200511,403999,203495,200504,404236,203564,200672,404618,203742,200876,404560,203720,200840,405811,204357,201454,406482,204758,201724,406789,204898,201891,407010,205009,202001,407464,205283,202181,37.46365763,126.6502865
인천광역시 연수구,388409,193006,195403,389527,193548,195979,390477,194069,196408,390807,194282,196525,390971,194351,196620,390827,194215,196612,390638,194088,196550,390107,193801,196306,389977,193641,196336,389926,193568,196358,389638,193434,196204,389644,193417,196227,37.41037273,126.678298
인천광역시 남동구,524800,260654,264146,524004,260227,263777,522713,259545,263168,522330,259335,262995,521719,259035,262684,521340,258876,262464,520683,258582,262101,519667,258080,261587,518988,257803,261185,518662,257616,261046,518372,257523,260849,518272,257468,260804,37.44725267,126.7314723
인천광역시 부평구,494487,244412,250075,493610,243934,249676,491370,242817,248553,490968,242605,248363,490970,242647,248323,490609,242460,248149,490138,242133,248005,489178,241608,247570,488683,241313,247370,488092,240990,247102,487201,240572,246629,486765,240348,246417,37.50724197,126.7218691
인천광역시 계양구,296200,147690,148510,296534,147871,148663,296771,147987,148784,296947,147993,148954,296705,147864,148841,296442,147719,148723,296173,147557,148616,295492,147178,148314,294668,146737,147931,294852,146853,147999,295462,147171,148291,295696,147316,148380,37.53757116,126.7377225
인천광역시 서구,541823,273693,268130,541164,273369,267795,540532,273008,267524,540532,273007,267525,540790,273106,267684,541304,273411,267893,542635,274060,268575,544726,275064,269662,549053,277255,271798,552338,278877,273461,553962,279621,274341,555380,280398,274982,37.54548073,126.6760045
인천광역시 강화군,69245,34664,34581,69236,34655,34581,69008,34519,34489,69089,34557,34532,69212,34626,34586,69285,34644,34641,69326,34681,34645,69324,34679,34645,69302,34660,34642,69351,34698,34653,69502,34782,34720,69693,34868,34825,37.74685272,126.4878739
인천광역시 옹진군,20398,11593,8805,20348,11563,8785,20335,11541,8794,20314,11528,8786,20319,11524,8795,20331,11551,8780,20388,11596,8792,20373,11591,8782,20345,11592,8753,20404,11643,8761,20404,11647,8757,20342,11598,8744,37.44668379,126.6368011
광주광역시 동구,102877,50789,52088,102745,50674,52071,102467,50577,51890,102939,50783,52156,103007,50853,52154,103146,50926,52220,103185,50938,52247,103333,50981,52352,103544,51073,52471,103443,51016,52427,103396,51002,52394,103470,51046,52424,35.14615419,126.9231381
광주광역시 서구,296036,145049,150987,295368,144682,150686,294691,144373,150318,294128,144117,150011,293364,143812,149552,293088,143635,149453,292724,143459,149265,292400,143271,149129,292180,143177,149003,291705,142908,148797,291411,142783,148628,291231,142721,148510,35.15217985,126.8899468
광주광역시 남구,214532,103192,111340,214579,103263,111316,213776,102891,110885,213698,102854,110844,213717,102803,110914,213910,102885,111025,214111,102933,111178,214051,102881,111170,214295,102962,111333,215043,103318,111725,215527,103559,111968,215575,103542,112033,35.13321296,126.9022115
광주광역시 북구,430516,213745,216771,430209,213621,216588,429600,213257,216343,429159,213032,216127,428262,212637,215625,427858,212433,215425,428040,212537,215503,427773,212410,215363,428082,212526,215556,427684,212370,215314,427463,212180,215283,427114,211999,215115,35.17438289,126.9121844
광주광역시 광산구,405154,204154,201000,405052,204091,200961,404939,204128,200811,404863,204048,200815,404804,203996,200808,404645,203914,200731,404422,203759,200663,404413,203743,200670,404726,203928,200798,404579,203871,200708,404341,203768,200573,404221,203707,200514,35.13977662,126.7937594
대전광역시 동구,223727,112794,110933,224103,113026,111077,223469,112726,110743,223358,112660,110698,223353,112656,110697,223245,112571,110674,223198,112539,110659,223206,112538,110668,223409,112638,110771,223384,112624,110760,223038,112408,110630,222222,111953,110269,36.31203163,127.4548059
대전광역시 중구,235164,116032,119132,234654,115744,118910,233601,115273,118328,233213,114991,118222,233067,114905,118162,232841,114783,118058,232627,114663,117964,232309,114475,117834,232077,114361,117716,231852,114258,117594,231306,113977,117329,230341,113507,116834,36.32576074,127.4213595
대전광역시 서구,477326,234832,242494,476945,234558,242387,475685,233968,241717,475622,233902,241720,475406,233764,241642,474934,233513,241421,474653,233371,241282,474504,233278,241226,474444,233248,241196,474046,233068,240978,473952,233010,240942,473365,232714,240651,36.35552081,127.3838132
대전광역시 유성구,350875,177175,173700,350374,176852,173522,350136,176765,173371,350017,176715,173302,350046,176750,173296,349927,176644,173283,349836,176651,173185,349809,176672,173137,350337,176991,173346,350284,176936,173348,351049,177352,173697,351277,177463,173814,36.36246979,127.3561992
대전광역시 대덕구,176199,89563,86636,175988,89483,86505,175572,89343,86229,175409,89254,86155,175289,89204,86085,175160,89155,86005,174986,89057,85929,174851,88993,85858,174791,88904,85887,174662,88856,85806,174330,88659,85671,175046,88989,86057,36.34692581,127.4155614
울산광역시 중구,217191,109997,107194,216523,109644,106879,215276,109045,106231,214901,108828,106073,214775,108746,106029,214779,108776,106003,214584,108678,105906,214280,108516,105764,213833,108235,105598,213579,108103,105476,213441,108044,105397,212883,107736,105147,35.56970355,129.3327733
울산광역시 남구,319780,163120,156660,319189,162809,156380,318059,162292,155767,317672,162114,155558,317184,161841,155343,316716,161614,155102,316241,161343,154898,315599,160976,154623,315118,160693,154425,314706,160481,154225,314331,160282,154049,313819,160055,153764,35.54394782,129.330126
울산광역시 동구,156596,81834,74762,156209,81652,74557,155753,81412,74341,155511,81246,74265,155284,81102,74182,155129,81003,74126,154922,80868,74054,154705,80767,73938,154566,80683,73883,154501,80618,73883,154383,80551,73832,154096,80417,73679,35.50516123,129.4167348
울산광역시 북구,219175,113499,105676,218774,113324,105450,218481,113172,105309,218410,113162,105248,218303,113119,105184,218131,113009,105122,218065,112942,105123,217920,112835,105085,217736,112757,104979,217750,112783,104967,218258,113003,105255,218735,113265,105470,35.582905,129.3612179
울산광역시 울주군,222628,114952,107676,222258,114761,107497,221685,114503,107182,221669,114503,107166,221629,114508,107121,221614,114522,107092,221915,114680,107235,221955,114712,107243,221983,114725,107258,222030,114738,107292,222082,114756,107326,222059,114744,107315,35.52252665,129.2425116
세종특별자치시 세종특별자치시,357871,178656,179215,359569,179528,180041,360462,180030,180432,361396,180462,180934,362036,180778,181258,362995,181328,181667,364364,181996,182368,365309,182430,182879,366560,183044,183516,368276,183879,184397,369465,184441,185024,371895,185678,186217,36.48045322,127.2892442
경기도 수원시,1185741,596918,588823,1186273,597254,589019,1185984,597390,588594,1185532,597136,588396,1184922,596759,588163,1184210,596269,587941,1183615,595883,587732,1183419,595810,587609,1184754,596543,588211,1185276,596863,588413,1184683,596491,588192,1183714,595933,587781,37.26355925,127.0285973
경기도 성남시,939774,465278,474496,938819,464828,473991,934308,462773,471535,932867,462086,470781,931626,461504,470122,931654,461565,470089,931756,461613,470143,931931,461612,470319,931760,461496,470264,931319,461315,470004,931063,461205,469858,930948,461131,469817,37.42022748,127.1266546
경기도 의정부시,462499,227731,234768,462619,227725,234894,461143,227191,233952,461077,227112,233965,460923,227073,233850,461523,227380,234143,462588,227975,234613,463373,228349,235024,463562,228451,235111,463665,228574,235091,463706,228555,235151,463661,228538,235123,37.73825019,127.033733
경기도 안양시,549730,271760,277970,550939,272392,278547,551136,272569,278567,551189,272626,278563,550750,272348,278402,549903,271857,278046,548960,271356,277604,548491,271131,277360,548074,270954,277120,547258,270572,276686,546753,270290,276463,547178,270496,276682,37.39453744,126.9568463
경기도 부천시,817449,405464,411985,816087,404763,411324,813178,403374,409804,812158,402851,409307,811225,402337,408888,810742,402000,408742,810069,401645,408424,809559,401353,408206,809083,401051,408032,808047,400375,407672,807090,399933,407157,806067,399484,406583,37.50375321,126.7658326
경기도 광명시,297748,146858,150890,296785,146369,150416,295750,145897,149853,295690,145859,149831,295742,145900,149842,295852,145948,149904,295560,145781,149779,295335,145603,149732,294895,145398,149497,294458,145171,149287,293763,144827,148936,292893,144384,148509,37.47867555,126.8646736
경기도 평택시,540929,279690,261239,544085,281521,262564,544368,282242,262126,546154,283450,262704,548131,284559,263572,549901,285580,264321,551603,286588,265015,554511,288302,266209,557450,290020,267430,559363,291122,268241,561770,292554,269216,564288,293954,270334,36.99245752,127.112695
경기도 동두천시,94443,47077,47366,94318,47005,47313,93351,46621,46730,93289,46610,46679,93292,46606,46686,93354,46626,46728,93447,46675,46772,93414,46627,46787,93479,46661,46818,93508,46659,46849,93528,46672,46856,93592,46694,46898,37.90370032,127.061145
경기도 안산시,655733,336265,319468,655700,336325,319375,655859,336542,319317,655816,336479,319337,655555,336303,319252,655115,336051,319064,654678,335750,318928,654477,335701,318776,654270,335574,318696,654117,335508,318609,653687,335229,318458,652726,334646,318080,37.32203062,126.8308388
경기도 고양시,1081175,529378,551797,1082420,529886,552534,1080845,529227,551618,1080736,529062,551674,1080656,529030,551626,1080507,528924,551583,1081045,529135,551910,1080896,528972,551924,1080787,528911,551876,1080240,528683,551557,1079722,528390,551332,1079353,528094,551259,37.65830361,126.832016
경기도 과천시,64549,31675,32874,67279,33019,34260,68399,33581,34818,68955,33846,35109,69027,33887,35140,69276,34036,35240,69509,34151,35358,69640,34223,35417,69732,34275,35457,69910,34357,35553,71234,35058,36176,73345,36092,37253,37.42927348,126.9875979
경기도 구리시,197217,97836,99381,196685,97601,99084,195804,97184,98620,195324,96900,98424,194838,96640,98198,194389,96457,97932,193954,96227,97727,193662,96074,97588,193410,95966,97444,193014,95747,97267,192461,95429,97032,191948,95172,96776,37.5944714,127.1297639
경기도 남양주시,714822,355980,358842,718434,357710,360724,720282,358682,361600,721767,359354,362413,723215,360076,363139,724183,360473,363710,725031,360803,364228,727221,361913,365308,728664,362614,366050,729918,363233,366685,731497,363970,367527,733798,365103,368695,37.61055247,127.1711945
경기도 오산시,230042,118964,111078,230522,119237,111285,230604,119343,111261,230769,119513,111256,230702,119532,111170,230705,119561,111144,230657,119588,111069,230555,119590,110965,230395,119558,110837,230403,119588,110815,230165,119461,110704,229983,119409,110574,37.14993516,127.0770233
경기도 시흥시,504935,263749,241186,507681,265172,242509,509115,265947,243168,510098,266410,243688,510833,266839,243994,511314,267078,244236,511747,267186,244561,511807,267236,244571,511900,267334,244566,511888,267351,244537,512155,267503,244652,512030,267423,244607,37.38014281,126.8028693
경기도 군포시,273542,135726,137816,272533,135192,137341,271392,134603,136789,271007,134427,136580,270754,134288,136466,270584,134167,136417,270293,133999,136294,269752,133758,135994,269507,133641,135866,269215,133506,135709,269086,133458,135628,268535,133246,135289,37.36160744,126.9352653
경기도 의왕시,163585,81379,82206,163208,81175,82033,162443,80839,81604,162227,80714,81513,162239,80710,81529,162215,80667,81548,162925,81009,81916,163510,81300,82210,163715,81403,82312,163704,81341,82363,163555,81252,82303,163356,81148,82208,37.34496964,126.9687218
경기도 하남시,295122,148229,146893,298005,149595,148410,300187,150678,149509,301801,151429,150372,302681,151874,150807,305908,153427,152481,308390,154574,153816,310365,155478,154887,312159,156333,155826,314866,157644,157222,318126,159264,158862,320087,160163,159924,37.53923662,127.2145653
경기도 용인시,1075045,533222,541823,1075918,533604,542314,1075421,533356,542065,1076773,534238,542535,1077701,534842,542859,1077826,534946,542880,1079049,535521,543528,1080325,536223,544102,1080027,535936,544091,1079609,535631,543978,1078604,535053,543551,1077508,534459,543049,37.24071642,127.177274
경기도 파주시,466539,236488,230051,467954,237118,230836,468501,237528,230973,470096,238389,231707,471219,238960,232259,472260,239454,232806,473673,240306,233367,476044,241438,234606,477819,242418,235401,479183,243139,236044,481629,244290,237339,483245,245085,238160,37.75946605,126.7803264
경기도 이천시,218651,113095,105556,218793,113156,105637,218565,113087,105478,219224,113538,105686,219591,113745,105846,220904,114471,106433,221697,114913,106784,222883,115596,107287,223482,115995,107487,224066,116264,107802,223831,116100,107731,223177,115727,107450,37.27224558,127.435023
경기도 안성시,187232,96474,90758,187488,96622,90866,187540,96711,90829,188038,97025,91013,188704,97419,91285,189060,97561,91499,189298,97699,91599,189641,97911,91730,189747,97955,91792,189732,97969,91763,189559,97874,91685,189534,97895,91639,37.00786318,127.2798342
경기도 김포시,477332,239165,238167,479290,240076,239214,480275,240514,239761,481719,241239,240480,482578,241645,240933,483642,242136,241506,484481,242493,241988,485221,242792,242429,485647,243017,242630,485859,243149,242710,486123,243279,242844,486508,243415,243093,37.61533178,126.7154295
경기도 화성시,857550,445135,412415,859329,446168,413161,860865,447092,413773,864687,449184,415503,867819,450855,416964,870361,452263,418098,872537,453495,419042,875987,455268,420719,878879,456841,422038,881154,457918,423236,884225,459514,424711,887015,460788,426227,37.19943362,126.8315556
경기도 광주시,382578,195548,187030,382835,195680,187155,383052,195851,187201,383794,196185,187609,384306,196393,187913,384714,196588,188126,385000,196660,188340,385808,197056,188752,386301,197265,189036,386496,197315,189181,386573,197285,189288,387289,197673,189616,37.4294162,127.2551636
경기도 양주시,231241,117346,113895,233072,118218,114854,234181,118821,115360,234990,119207,115783,235276,119349,115927,235394,119411,115983,235495,119411,116084,235828,119603,116225,236028,119717,116311,236205,119761,116444,236302,119796,116506,236368,119835,116533,37.78529546,127.04579
경기도 포천시,147393,77964,69429,147480,78036,69444,147014,77942,69072,147317,78102,69215,147425,78138,69287,147597,78200,69397,147855,78351,69504,148296,78594,69702,148434,78653,69781,148618,78733,69885,148738,78786,69952,148939,78915,70024,37.89490568,127.200311
경기도 여주시,112044,56897,55147,112129,56938,55191,111903,56842,55061,111913,56882,55031,111939,56898,55041,112177,57050,55127,112203,57076,55127,112289,57131,55158,112151,57058,55093,112260,57122,55138,112199,57044,55155,112150,57022,55128,37.29818024,127.6366015
경기도 연천군,43438,22744,20694,43368,22707,20661,43063,22577,20486,43080,22552,20528,43071,22546,20525,43042,22537,20505,42985,22518,20467,42942,22507,20435,42842,22453,20389,42797,22412,20385,42739,22405,20334,42721,22399,20322,38.09636868,127.0750663
경기도 가평군,62399,32169,30230,62339,32128,30211,62049,32009,30040,62206,32080,30126,62344,32125,30219,62364,32146,30218,62348,32114,30234,62383,32137,30246,62334,32167,30167,62241,32130,30111,62253,32147,30106,62264,32129,30135,37.8312274,127.509577
경기도 양평군,119022,59658,59364,119371,59846,59525,119260,59853,59407,119505,59981,59524,119826,60147,59679,120012,60259,59753,120419,60513,59906,120954,60817,60137,120997,60791,60206,121188,60873,60315,121154,60817,60337,121230,60846,60384,37.49165875,127.4874649
강원도 춘천시,282693,139534,143159,283141,139756,143385,282328,139420,142908,282326,139412,142914,282482,139461,143021,282511,139505,143006,282592,139546,143046,282714,139628,143086,283312,139920,143392,283803,140204,143599,284121,140341,143780,284594,140584,144010,37.88126781,127.7299743
강원도 원주시,354664,175962,178702,354933,176007,178926,354437,175816,178621,354536,175863,178673,354768,176009,178759,354978,176089,178889,355432,176297,179135,355767,176452,179315,356134,176658,179476,356625,176866,179759,357277,177183,180094,357757,177396,180361,37.34200542,127.9196968
강원도 강릉시,213412,105799,107613,213231,105704,107527,212909,105564,107345,212890,105527,107363,212681,105487,107194,212784,105550,107234,212957,105652,107305,213025,105698,107327,213151,105761,107390,213155,105783,107372,213093,105749,107344,212965,105667,107298,37.75192033,128.8758988
강원도 동해시,90416,45914,44502,90320,45855,44465,89922,45660,44262,89868,45622,44246,89968,45667,44301,89999,45702,44297,90039,45732,44307,90056,45716,44340,90073,45730,44343,90115,45756,44359,90010,45735,44275,90081,45795,44286,37.52501602,129.1144366
강원도 태백시,42586,21557,21029,42381,21456,20925,42249,21398,20851,42183,21370,20813,41718,21160,20558,41419,21006,20413,41341,20966,20375,41295,20936,20359,41145,20831,20314,41055,20777,20278,40982,20738,20244,40844,20656,20188,37.16407866,128.9857267
강원도 속초시,82652,40940,41712,82531,40874,41657,82213,40736,41477,82302,40771,41531,82241,40750,41491,82254,40772,41482,82377,40848,41529,82391,40847,41544,82476,40901,41575,82579,40975,41604,82700,41028,41672,82791,41080,41711,38.20736378,128.5922346
강원도 삼척시,64946,32836,32110,64680,32670,32010,64393,32566,31827,64355,32532,31823,64188,32475,31713,64073,32380,31693,63952,32305,31647,63825,32250,31575,63864,32278,31586,63833,32272,31561,63682,32175,31507,63429,32043,31386,37.44998132,129.1653894
강원도 홍천군,69142,35625,33517,69041,35564,33477,68751,35381,33370,68681,35370,33311,68597,35339,33258,68619,35342,33277,68573,35305,33268,68489,35273,33216,68452,35256,33196,68499,35274,33225,68482,35246,33236,68365,35184,33181,37.69715594,127.8887666
강원도 횡성군,46441,23812,22629,46447,23810,22637,46399,23812,22587,46510,23861,22649,46589,23910,22679,46614,23927,22687,46652,23936,22716,46635,23922,22713,46566,23895,22671,46586,23916,22670,46583,23903,22680,46481,23859,22622,37.49171366,127.9849703
강원도 영월군,38565,19935,18630,38418,19863,18555,38458,19895,18563,38417,19859,18558,38099,19743,18356,38057,19711,18346,38064,19724,18340,38055,19719,18336,38012,19673,18339,38011,19669,18342,37934,19631,18303,37904,19626,18278,37.18370855,128.4617516
강원도 평창군,41587,21276,20311,41514,21269,20245,41212,21151,20061,41188,21139,20049,41164,21124,20040,41109,21111,19998,41060,21075,19985,41050,21057,19993,40971,21036,19935,41006,21085,19921,41023,21095,19928,40996,21091,19905,37.37075556,128.3902789
강원도 정선군,36783,19127,17656,36704,19071,17633,36059,18776,17283,35990,18737,17253,35991,18743,17248,35952,18715,17237,35902,18700,17202,35838,18664,17174,35717,18607,17110,35659,18585,17074,35639,18573,17066,35675,18565,17110,37.38061264,128.6608105
강원도 철원군,44563,23151,21412,44380,23071,21309,44171,22963,21208,44169,22948,21221,44011,22895,21116,43932,22832,21100,43832,22760,21072,43691,22693,20998,43579,22607,20972,43489,22552,20937,43396,22493,20903,43340,22453,20887,38.14658472,127.3125482
강원도 화천군,24732,13412,11320,24652,13377,11275,24506,13313,11193,24446,13278,11168,24397,13252,11145,24408,13266,11142,24369,13246,11123,24342,13223,11119,24313,13193,11120,24247,13158,11089,24242,13154,11088,24195,13138,11057,38.10624708,127.7080903
강원도 양구군,22161,11759,10402,22123,11748,10375,22172,11748,10424,22114,11701,10413,22094,11679,10415,22027,11620,10407,21981,11584,10397,21972,11565,10407,21924,11554,10370,21925,11540,10385,21875,11525,10350,21748,11464,10284,38.10999021,127.9899381
강원도 인제군,31720,17116,14604,31665,17076,14589,31521,17046,14475,31508,17047,14461,31633,17116,14517,31835,17268,14567,31947,17341,14606,32034,17378,14656,32033,17384,14649,32090,17392,14698,32138,17424,14714,32165,17461,14704,38.06952159,128.1697635
강원도 고성군,26687,13762,12925,26734,13771,12963,26743,13770,12973,26760,13762,12998,26864,13814,13050,26924,13848,13076,26960,13859,13101,27005,13899,13106,26981,13881,13100,27014,13895,13119,27119,13950,13169,27249,14019,13230,38.38058598,128.4678781
강원도 양양군,27946,14210,13736,27980,14244,13736,27956,14233,13723,27932,14238,13694,28006,14269,13737,28035,14305,13730,28110,14356,13754,28086,14340,13746,28062,14330,13732,28026,14309,13717,27977,14289,13688,27913,14251,13662,38.07537941,128.6190796
충청북도 청주시,845710,426213,419497,846204,426413,419791,845025,425909,419116,845534,426167,419367,846291,426502,419789,847392,427070,420322,847642,427187,420455,847965,427378,420587,848711,427871,420840,848878,428012,420866,849024,428124,420900,848482,427881,420601,36.64246074,127.4891116
충청북도 충주시,210139,106269,103870,210058,106274,103784,209443,106051,103392,209434,106018,103416,209483,106040,103443,209638,106102,103536,209602,106069,103533,209546,106027,103519,209438,105958,103480,209499,105956,103543,209484,105959,103525,209358,105932,103426,36.99091676,127.9257467
충청북도 제천시,132759,66633,66126,132506,66498,66008,132542,66558,65984,132643,66597,66046,132659,66598,66061,132313,66449,65864,132269,66444,65825,132090,66375,65715,131879,66273,65606,131902,66270,65632,131810,66258,65552,131591,66170,65421,37.13259287,128.1908895
충청북도 보은군,32364,16271,16093,32371,16281,16090,32206,16235,15971,32211,16246,15965,32180,16236,15944,32096,16188,15908,32062,16170,15892,32004,16126,15878,31893,16050,15843,31863,16027,15836,31862,16032,15830,31878,16074,15804,36.48945062,127.7295675
충청북도 옥천군,50468,25447,25021,50474,25431,25043,50337,25378,24959,50341,25378,24963,50320,25358,24962,50282,25348,24934,50312,25350,24962,50287,25333,24954,50215,25283,24932,50194,25274,24920,50184,25287,24897,50093,25242,24851,36.30634045,127.5712259
충청북도 영동군,47230,23487,23743,47023,23396,23627,46577,23207,23370,46497,23178,23319,46442,23171,23271,46316,23096,23220,46261,23068,23193,46139,23006,23133,45976,22912,23064,45938,22879,23059,45874,22861,23013,45773,22810,22963,36.17489697,127.7833915
충청북도 증평군,36807,19125,17682,36685,19080,17605,36536,19011,17525,36532,19023,17509,36536,19025,17511,36499,19019,17480,36470,19031,17439,36406,18984,17422,36388,18973,17415,36371,18957,17414,36351,18947,17404,36426,18993,17433,36.78528798,127.5814568
충청북도 진천군,83849,43937,39912,84116,44050,40066,84118,44101,40017,84437,44228,40209,84623,44376,40247,84746,44459,40287,84845,44526,40319,84904,44558,40346,84917,44559,40358,85051,44628,40423,85104,44663,40441,85176,44715,40461,36.85487116,127.4357457
충청북도 괴산군,38338,19702,18636,38009,19521,18488,37688,19412,18276,37567,19330,18237,37442,19256,18186,37337,19187,18150,37229,19136,18093,37101,19060,18041,36880,18963,17917,36843,18952,17891,36887,18957,17930,38122,19612,18510,36.8153505,127.7866016
충청북도 음성군,92945,49247,43698,92733,49129,43604,92407,48982,43425,92349,48943,43406,92213,48822,43391,92232,48812,43420,92231,48802,43429,92224,48801,43423,92027,48723,43304,92004,48741,43263,92086,48796,43290,92197,48883,43314,36.94021058,127.6904771
충청북도 단양군,29049,14726,14323,28943,14678,14265,28835,14613,14222,28758,14571,14187,28766,14562,14204,28652,14495,14157,28578,14475,14103,28513,14447,14066,28441,14416,14025,28405,14397,14008,28353,14377,13976,28331,14360,13971,36.98510421,128.3655621
충청남도 천안시,658488,336108,322380,658295,336095,322200,657549,335763,321786,657410,335775,321635,657775,335990,321785,657503,335917,321586,657584,335996,321588,657250,335811,321439,657703,336088,321615,658107,336326,321781,658465,336545,321920,658486,336612,321874,36.81508793,127.1139222
충청남도 공주시,104442,52273,52169,104319,52177,52142,103839,51972,51867,103782,51925,51857,103752,51924,51828,103640,51835,51805,103572,51769,51803,103386,51672,51714,103329,51631,51698,103321,51613,51708,103301,51580,51721,103145,51459,51686,36.44652532,127.1190088
충청남도 보령시,99964,50657,49307,99673,50499,49174,99234,50329,48905,99137,50271,48866,99048,50257,48791,98993,50235,48758,98922,50211,48711,98726,50108,48618,98620,50024,48596,98535,49996,48539,98438,49941,48497,98408,49933,48475,36.33347359,126.6127756
충청남도 아산시,316740,164424,152316,317626,164838,152788,317933,165144,152789,318699,165503,153196,319225,165823,153402,320340,166425,153915,321170,166942,154228,322158,167478,154680,322893,167891,155002,323789,168355,155434,324552,168792,155760,324580,168881,155699,36.78992729,127.0024922
충청남도 서산시,175543,91399,84144,175623,91471,84152,175650,91548,84102,175817,91664,84153,176031,91809,84222,176090,91855,84235,176205,91883,84322,176360,92005,84355,176491,92022,84469,176595,92067,84528,176610,92088,84522,176645,92122,84523,36.78478317,126.4503368
충청남도 논산시,116587,58277,58310,116315,58131,58184,115573,57835,57738,115520,57810,57710,115431,57742,57689,115305,57674,57631,115239,57624,57615,115155,57567,57588,114942,57426,57516,114769,57304,57465,114662,57269,57393,114483,57147,57336,36.18720384,127.0986769
충청남도 계룡시,42809,21332,21477,43128,21495,21633,43182,21516,21666,43235,21539,21696,43242,21542,21700,43168,21504,21664,43209,21529,21680,43279,21544,21735,43191,21492,21699,43093,21469,21624,43105,21465,21640,43331,21563,21768,36.27450688,127.2485308
충청남도 당진시,166189,88211,77978,166218,88241,77977,166186,88279,77907,166333,88408,77925,166491,88477,78014,166754,88637,78117,166937,88753,78184,166805,88687,78118,166714,88678,78036,166802,88773,78029,166989,88885,78104,167092,88952,78140,36.88959597,126.6460108
충청남도 금산군,51262,25821,25441,51227,25815,25412,50953,25692,25261,50950,25699,25251,50932,25687,25245,50890,25662,25228,50826,25651,25175,50783,25632,25151,50629,25563,25066,50597,25545,25052,50562,25522,25040,50477,25466,25011,36.10885289,127.4880279
충청남도 부여군,65202,32285,32917,65039,32214,32825,64626,32077,32549,64527,32029,32498,64426,31987,32439,64361,31965,32396,64336,31985,32351,64220,31913,32307,64036,31820,32216,63923,31754,32169,63891,31698,32193,63774,31634,32140,36.27567229,126.9097853
충청남도 서천군,51742,25548,26194,51657,25507,26150,51361,25385,25976,51289,25323,25966,51274,25321,25953,51153,25270,25883,51072,25223,25849,51036,25203,25833,50968,25168,25800,50884,25136,25748,50798,25078,25720,50745,25081,25664,36.08030449,126.6918535
충청남도 청양군,30840,15632,15208,30750,15572,15178,30625,15544,15081,30658,15569,15089,30590,15533,15057,30548,15510,15038,30493,15488,15005,30429,15475,14954,30359,15434,14925,30399,15450,14949,30390,15430,14960,30440,15472,14968,36.45914434,126.8023368
충청남도 홍성군,99850,49659,50191,99753,49639,50114,99756,49649,50107,99755,49627,50128,99757,49634,50123,99440,49522,49918,99425,49522,49903,99465,49537,49928,99399,49496,49903,99407,49522,49885,99336,49466,49870,99324,49437,49887,36.60131617,126.6608455
충청남도 예산군,78129,39195,38934,78048,39184,38864,77585,39006,38579,77538,39005,38533,77468,38979,38489,77348,38925,38423,77284,38882,38402,77241,38840,38401,77016,38709,38307,76974,38671,38303,76830,38602,38228,76801,38574,38227,36.68088766,126.844815
충청남도 태안군,62050,31274,30776,61871,31148,30723,61771,31102,30669,61802,31128,30674,61818,31149,30669,61867,31177,30690,61931,31196,30735,61890,31192,30698,61808,31154,30654,61782,31152,30630,61600,31058,30542,61526,31033,30493,36.74555213,126.2979723
전라북도 전주시,657661,323623,334038,657998,323761,334237,657064,323432,333632,656755,323164,333591,656934,323271,333663,657428,323491,333937,657664,323585,334079,657577,323515,334062,658235,323927,334308,658216,323872,334344,657930,323724,334206,657269,323427,333842,35.82445746,127.1478665
전라북도 군산시,267798,135311,132487,267612,135263,132349,266959,134952,132007,266878,134918,131960,266345,134736,131609,266389,134786,131603,266226,134743,131483,266026,134677,131349,265770,134537,131233,265504,134408,131096,265452,134387,131065,265304,134290,131014,35.96743059,126.7368529
전라북도 익산시,281539,140158,141381,280847,139818,141029,280585,139763,140822,280399,139726,140673,280152,139577,140575,280072,139543,140529,279836,139445,140391,279517,139265,140252,279207,139079,140128,278798,138850,139948,278496,138646,139850,278113,138427,139686,35.94825493,126.9577833
전라북도 정읍시,108470,53748,54722,108344,53690,54654,107710,53490,54220,107555,53439,54116,107489,53394,54095,107422,53374,54048,107349,53338,54011,107169,53242,53927,106951,53127,53824,106814,53040,53774,106634,52972,53662,106487,52892,53595,35.57000284,126.8563525
전라북도 남원시,80570,39507,41063,80375,39409,40966,80227,39334,40893,80196,39331,40865,80086,39290,40796,80032,39277,40755,80027,39269,40758,79933,39220,40713,79673,39071,40602,79649,39067,40582,79581,39039,40542,79431,38965,40466,35.41632997,127.3903679
전라북도 김제시,82326,40808,41518,82193,40756,41437,82079,40688,41391,82031,40661,41370,81593,40518,41075,81462,40449,41013,81406,40424,40982,81347,40383,40964,81177,40302,40875,81106,40251,40855,81012,40222,40790,80913,40193,40720,35.80330016,126.8807361
전라북도 완주군,91450,46960,44490,91422,46951,44471,91127,46833,44294,91127,46842,44285,91126,46841,44285,91024,46782,44242,91197,46854,44343,91223,46887,44336,91146,46839,44307,91093,46840,44253,91137,46847,44290,91142,46845,44297,35.90482498,127.1620039
전라북도 진안군,25344,12798,12546,25302,12773,12529,25252,12753,12499,25244,12756,12488,25233,12748,12485,25181,12724,12457,25113,12698,12415,25063,12683,12380,24985,12639,12346,24941,12622,12319,24974,12638,12336,24987,12667,12320,35.79178512,127.4245692
전라북도 무주군,24046,11979,12067,23990,11968,12022,23940,11944,11996,23912,11915,11997,23917,11909,12008,23875,11889,11986,23849,11875,11974,23834,11866,11968,23764,11826,11938,23769,11838,11931,23770,11846,11924,23748,11826,11922,36.0067837,127.6607417
전라북도 장수군,22081,11002,11079,22035,10987,11048,21946,10946,11000,21910,10935,10975,21902,10925,10977,21880,10922,10958,21854,10906,10948,21811,10882,10929,21755,10852,10903,21731,10830,10901,21723,10822,10901,21695,10812,10883,35.64729167,127.521172
전라북도 임실군,27248,13938,13310,27179,13910,13269,27044,13864,13180,27038,13856,13182,27019,13839,13180,27009,13828,13181,26952,13800,13152,26873,13748,13125,26755,13682,13073,26717,13672,13045,26665,13646,13019,26730,13692,13038,35.61778264,127.2890493
전라북도 순창군,27665,13457,14208,27624,13437,14187,27474,13401,14073,27378,13366,14012,27321,13356,13965,27283,13326,13957,27219,13304,13915,27120,13266,13854,27033,13232,13801,26980,13213,13767,26922,13211,13711,26855,13189,13666,35.37443426,127.1374233
전라북도 고창군,54512,26953,27559,54435,26924,27511,54243,26832,27411,54222,26821,27401,54018,26800,27218,53869,26716,27153,53826,26718,27108,53739,26676,27063,53606,26602,27004,53534,26575,26959,53468,26538,26930,53386,26507,26879,35.43577681,126.7020803
전라북도 부안군,52038,25873,26165,51963,25838,26125,51800,25742,26058,51686,25685,26001,51547,25629,25918,51419,25563,25856,51384,25528,25856,51244,25466,25778,51053,25358,25695,50918,25300,25618,50852,25286,25566,50795,25262,25533,35.73178215,126.7333099
전라남도 목포시,223362,111241,112121,222809,110972,111837,221463,110341,111122,221156,110217,110939,221020,110120,110900,220794,109995,110799,220379,109762,110617,219944,109535,110409,219552,109300,110252,219150,109103,110047,218785,108916,109869,218589,108808,109781,34.81181045,126.3921426
전라남도 여수시,280497,143083,137414,280213,142979,137234,279844,142785,137059,279613,142638,136975,278999,142379,136620,278481,142137,136344,278123,141900,136223,277752,141667,136085,277356,141439,135917,277008,141225,135783,276747,141051,135696,276762,141074,135688,34.76039685,127.6622222
전라남도 순천시,282618,141003,141615,282336,140880,141456,282104,140755,141349,282069,140756,141313,281745,140637,141108,281816,140664,141152,281883,140682,141201,281878,140664,141214,281977,140731,141246,281787,140625,141162,281587,140550,141037,281436,140466,140970,34.95062457,127.48737
전라남도 나주시,115855,58307,57548,116348,58542,57806,116113,58516,57597,116332,58605,57727,116486,58714,57772,116513,58762,57751,116636,58823,57813,116670,58844,57826,116668,58833,57835,116711,58861,57850,116701,58889,57812,116726,58906,57820,35.0158853,126.7108524
전라남도 광양시,151045,78821,72224,151016,78778,72238,150779,78670,72109,150701,78627,72074,150660,78631,72029,150591,78601,71990,150699,78693,72006,150643,78647,71996,150121,78399,71722,150154,78423,71731,150493,78624,71869,150531,78626,71905,34.94070146,127.6958891
전라남도 담양군,46475,23583,22892,46545,23627,22918,46541,23599,22942,46624,23627,22997,46650,23648,23002,46522,23607,22915,46421,23553,22868,46314,23497,22817,46178,23432,22746,46198,23427,22771,46184,23432,22752,46180,23428,22752,35.32122516,126.9881958
전라남도 곡성군,27982,13677,14305,27952,13675,14277,27888,13648,14240,27916,13674,14242,27962,13720,14242,27916,13697,14219,27835,13660,14175,27754,13619,14135,27655,13578,14077,27616,13565,14051,27581,13557,14024,27535,13540,13995,35.2820633,127.2920961
전라남도 구례군,25573,12442,13131,25505,12397,13108,25437,12376,13061,25400,12360,13040,25287,12311,12976,25255,12304,12951,25181,12260,12921,25161,12241,12920,25095,12223,12872,25121,12237,12884,25175,12253,12922,25235,12285,12950,35.20250131,127.4627157
전라남도 고흥군,63869,31016,32853,63814,31004,32810,63572,30898,32674,63508,30867,32641,63434,30819,32615,63374,30813,32561,63239,30749,32490,63124,30683,32441,62965,30600,32365,62930,30606,32324,62833,30566,32267,62762,30569,32193,34.60477493,127.2762856
전라남도 보성군,40430,19702,20728,40305,19650,20655,40169,19585,20584,40179,19592,20587,39891,19498,20393,39838,19462,20376,39790,19430,20360,39734,19387,20347,39592,19329,20263,39564,19314,20250,39478,19264,20214,39375,19221,20154,34.77147634,127.079973
전라남도 화순군,62455,30893,31562,62478,30888,31590,62289,30820,31469,62310,30841,31469,62225,30786,31439,62153,30733,31420,62131,30722,31409,62439,30870,31569,62567,30932,31635,62598,30920,31678,62618,30908,31710,62624,30910,31714,35.06454988,126.9866674
전라남도 장흥군,37689,18323,19366,37528,18270,19258,37266,18134,19132,37177,18088,19089,37095,18032,19063,37028,18009,19019,36963,17978,18985,36876,17931,18945,36742,17856,18886,36701,17854,18847,36622,17821,18801,36547,17785,18762,34.68163168,126.9071449
전라남도 강진군,34568,16693,17875,34487,16667,17820,34327,16605,17722,34314,16602,17712,34275,16582,17693,34248,16581,17667,34194,16570,17624,34099,16514,17585,33961,16460,17501,33860,16418,17442,33793,16370,17423,33753,16359,17394,34.64205355,126.7672373
전라남도 해남군,68736,33924,34812,68589,33876,34713,68291,33755,34536,68229,33735,34494,68153,33705,34448,68055,33683,34372,67917,33608,34309,67797,33556,34241,67576,33463,34113,67425,33386,34039,67328,33346,33982,67166,33273,33893,34.57338485,126.5992923
전라남도 영암군,53687,27602,26085,53652,27599,26053,53469,27581,25888,53437,27586,25851,53370,27608,25762,53290,27555,25735,53236,27567,25669,53108,27504,25604,53020,27484,25536,53000,27495,25505,52964,27488,25476,52937,27485,25452,34.80016406,126.6967832
전라남도 무안군,86940,43659,43281,87570,43952,43618,87870,44133,43737,88075,44252,43823,88339,44409,43930,88660,44566,44094,89184,44817,44367,89675,45064,44611,90086,45280,44806,90488,45431,45057,90973,45682,45291,91107,45753,45354,34.99040352,126.481689
전라남도 함평군,31992,16056,15936,31899,16006,15893,31711,15939,15772,31653,15934,15719,31629,15927,15702,31526,15889,15637,31444,15835,15609,31418,15815,15603,31375,15801,15574,31379,15785,15594,31343,15776,15567,31274,15730,15544,35.06589788,126.5165996
전라남도 영광군,53048,26446,26602,52944,26399,26545,52663,26333,26330,52587,26299,26288,52571,26288,26283,52487,26217,26270,52407,26195,26212,52288,26129,26159,52119,26032,26087,52113,26039,26074,52024,25979,26045,51985,25959,26026,35.27718056,126.5119711
전라남도 장성군,44330,22698,21632,44432,22774,21658,44129,22652,21477,44078,22627,21451,44029,22601,21428,43915,22524,21391,43808,22457,21351,43715,22394,21321,43575,22326,21249,43553,22282,21271,43518,22272,21246,43365,22206,21159,35.3018382,126.7849389
전라남도 완도군,49811,25056,24755,49757,25033,24724,49673,24995,24678,49604,24960,24644,49458,24899,24559,49404,24895,24509,49308,24836,24472,49171,24757,24414,48990,24677,24313,48861,24606,24255,48770,24537,24233,48631,24475,24156,34.31099974,126.7549467
전라남도 진도군,30845,15242,15603,30709,15181,15528,30494,15100,15394,30445,15101,15344,30421,15089,15332,30368,15052,15316,30306,15021,15285,30242,14992,15250,30129,14931,15198,30110,14920,15190,30104,14925,15179,30066,14908,15158,34.48679563,126.2634295
전라남도 신안군,38768,20665,18103,38907,20740,18167,38719,20664,18055,38741,20679,18062,38724,20671,18053,38687,20652,18035,38614,20633,17981,38551,20602,17949,38391,20545,17846,38326,20515,17811,38243,20471,17772,38217,20455,17762,34.83357423,126.3514524
경상북도 포항시,502736,254224,248512,503051,254420,248631,503786,254914,248872,504103,255122,248981,503580,254933,248647,503634,255017,248617,503489,254961,248528,503344,254837,248507,503146,254738,248408,503179,254811,248368,503388,255032,248356,503852,255292,248560,36.01937542,129.3433639
경상북도 경주시,253475,126853,126622,253579,126929,126650,252911,126619,126292,252869,126589,126280,252830,126552,126278,252602,126429,126173,252438,126344,126094,252344,126304,126040,252444,126328,126116,252403,126297,126106,252162,126155,126007,251889,126024,125865,35.85626282,129.2248116
경상북도 김천시,140511,70504,70007,140560,70609,69951,140720,70659,70061,140665,70614,70051,140629,70590,70039,140293,70444,69849,140219,70335,69884,140130,70304,69826,140061,70263,69798,140149,70298,69851,140120,70260,69860,140239,70305,69934,36.13983232,128.1135643
경상북도 안동시,158675,78563,80112,158493,78398,80095,158240,78271,79969,158210,78279,79931,157882,78167,79715,157805,78116,79689,157690,78027,79663,157534,77935,79599,157401,77859,79542,157317,77812,79505,157177,77742,79435,156972,77590,79382,36.56831833,128.7295868
경상북도 구미시,415949,213567,202382,415409,213328,202081,414953,213131,201822,414730,213007,201723,414525,212907,201618,414284,212841,201443,414207,212803,201404,413813,212607,201206,413594,212547,201047,413366,212427,200939,413164,212262,200902,412581,212021,200560,36.1198418,128.3443068
경상북도 영주시,103043,51041,52002,102917,51011,51906,102738,50945,51793,102703,50952,51751,102506,50878,51628,102440,50850,51590,102377,50799,51578,102258,50715,51543,102065,50617,51448,101929,50550,51379,101895,50546,51349,101942,50591,51351,36.80565236,128.6238768
경상북도 영천시,101799,51699,50100,102024,51890,50134,102383,52119,50264,102529,52216,50313,102194,52047,50147,102099,51967,50132,101856,51819,50037,101881,51795,50086,101670,51648,50022,101681,51675,50006,101703,51660,50043,101888,51737,50151,35.97349135,128.9382431
경상북도 상주시,97159,47589,49570,96942,47506,49436,96855,47455,49400,96793,47438,49355,96337,47254,49083,96273,47235,49038,96160,47186,48974,96019,47126,48893,95788,46986,48802,95677,46928,48749,95701,46949,48752,95566,46869,48697,36.41095303,128.1589549
경상북도 문경시,70919,34770,36149,71030,34809,36221,71924,35294,36630,71800,35256,36544,71591,35175,36416,71409,35098,36311,71242,34994,36248,71045,34883,36162,71096,34911,36185,71223,34983,36240,71159,34928,36231,71154,34919,36235,36.58683084,128.1870005
경상북도 경산시,264150,132986,131164,264279,133031,131248,264023,132924,131099,264722,133303,131419,265888,133807,132081,266747,134238,132509,267453,134544,132909,267935,134763,133172,268331,134945,133386,268431,135001,133430,268455,135017,133438,268369,134940,133429,35.82511073,128.741326
경상북도 군위군,23216,11853,11363,23130,11820,11310,23094,11810,11284,23063,11789,11274,22942,11737,11205,22924,11730,11194,22880,11709,11171,22853,11698,11155,22829,11695,11134,22894,11723,11171,22899,11730,11169,22945,11761,11184,36.24293664,128.5728369
경상북도 의성군,51601,25211,26390,51501,25172,26329,51404,25142,26262,51380,25127,26253,51161,25048,26113,51099,25016,26083,51042,24964,26078,50952,24913,26039,50831,24859,25972,50739,24813,25926,50665,24806,25859,50632,24796,25836,36.35271338,128.6971422
경상북도 청송군,25030,12477,12553,24991,12478,12513,24907,12444,12463,24904,12433,12471,24825,12380,12445,24784,12359,12425,24768,12346,12422,24773,12340,12433,24706,12306,12400,24605,12253,12352,24590,12269,12321,24539,12261,12278,36.43628135,129.0569723
경상북도 영양군,16638,8237,8401,16623,8231,8392,16549,8204,8345,16516,8183,8333,16494,8187,8307,16411,8179,8232,16396,8175,8221,16350,8155,8195,16319,8125,8194,16330,8137,8193,16335,8138,8197,16320,8144,8176,36.66667945,129.1122616
경상북도 영덕군,36245,17163,19082,36188,17155,19033,36043,17086,18957,35962,17031,18931,35912,17021,18891,35779,16972,18807,35732,16933,18799,35678,16902,18776,35540,16854,18686,35497,16847,18650,35451,16834,18617,35314,16777,18537,36.41501475,129.3656654
경상북도 청도군,42245,20782,21463,42226,20769,21457,42119,20705,21414,42085,20707,21378,41952,20642,21310,41847,20580,21267,41804,20551,21253,41736,20518,21218,41670,20484,21186,41736,20495,21241,41827,20549,21278,41891,20598,21293,35.64740052,128.733963
경상북도 고령군,31310,16044,15266,31245,16013,15232,31167,15993,15174,31133,15978,15155,31024,15939,15085,30927,15879,15048,30855,15851,15004,30792,15830,14962,30683,15762,14921,30694,15769,14925,30673,15762,14911,30626,15741,14885,35.72611222,128.2629519
경상북도 성주군,43335,22429,20906,43234,22375,20859,43105,22329,20776,43118,22314,20804,43004,22260,20744,42964,22238,20726,42964,22248,20716,42880,22197,20683,42782,22155,20627,42781,22174,20607,42766,22166,20600,42842,22216,20626,35.91943449,128.2831702
경상북도 칠곡군,114777,59819,54958,114691,59741,54950,114381,59593,54788,114297,59540,54757,114029,59450,54579,114016,59430,54586,113981,59388,54593,114021,59390,54631,113870,59311,54559,113843,59251,54592,113896,59313,54583,113822,59260,54562,35.99558435,128.4016028
경상북도 예천군,55709,27411,28298,55807,27441,28366,55649,27391,28258,55716,27393,28323,55800,27416,28384,55784,27398,28386,55845,27430,28415,55846,27439,28407,55802,27415,28387,55809,27405,28404,55824,27414,28410,55739,27391,28348,36.64687138,128.4372484
경상북도 봉화군,31407,15817,15590,31317,15773,15544,31232,15740,15492,31236,15746,15490,31142,15702,15440,31084,15680,15404,31057,15662,15395,30969,15627,15342,30860,15577,15283,30807,15560,15247,30802,15571,15231,30762,15551,15211,36.8930961,128.7323988
경상북도 울진군,48675,24412,24263,48460,24303,24157,48361,24278,24083,48327,24262,24065,48313,24252,24061,48206,24213,23993,48175,24193,23982,48125,24146,23979,47969,24058,23911,47941,24052,23889,47928,24056,23872,47858,24026,23832,36.99308703,129.4004941
경상북도 울릉군,9035,4933,4102,9050,4965,4085,9019,4944,4075,9035,4961,4074,9032,4963,4069,8990,4935,4055,9019,4956,4063,8976,4930,4046,8887,4879,4008,8894,4867,4027,8888,4862,4026,8867,4851,4016,37.48434523,130.9057502
경상남도 창원시,1036203,524947,511256,1035574,524688,510886,1034977,524419,510558,1034705,524287,510418,1034130,524029,510101,1034527,524225,510302,1034635,524211,510424,1034150,523919,510231,1033979,523791,510188,1033729,523629,510100,1033281,523465,509816,1032741,523223,509518,35.22797503,128.6818146
경상남도 진주시,348022,172072,175950,347750,171924,175826,347034,171573,175461,347056,171584,175472,347274,171697,175577,347204,171653,175551,347314,171664,175650,347407,171691,175716,347621,171782,175839,347569,171749,175820,347380,171710,175670,347097,171601,175496,35.18030228,128.1086628
경상남도 통영시,128084,64398,63686,127720,64198,63522,126988,63843,63145,126798,63718,63080,126587,63585,63002,126413,63516,62897,126312,63445,62867,126141,63327,62814,125881,63201,62680,125744,63116,62628,125595,63042,62553,125383,62928,62455,34.85392667,128.4339955
경상남도 사천시,111005,55985,55020,110868,55939,54929,110501,55785,54716,110461,55738,54723,110371,55696,54675,110414,55729,54685,110338,55697,54641,110243,55613,54630,110099,55543,54556,110108,55531,54577,110044,55498,54546,109953,55433,54520,35.00329629,128.0642328
경상남도 김해시,542296,274253,268043,542254,274198,268056,540863,273581,267282,540686,273479,267207,540423,273340,267083,539841,273017,266824,539477,272845,266632,539226,272767,266459,538781,272581,266200,538682,272490,266192,538286,272256,266030,537673,271899,265774,35.22857717,128.8892552
경상남도 밀양시,104687,51291,53396,104497,51214,53283,104354,51206,53148,104383,51224,53159,104133,51149,52984,104070,51109,52961,103986,51065,52921,103891,51010,52881,103691,50907,52784,103667,50916,52751,103636,50910,52726,103525,50849,52676,35.50388523,128.7466943
경상남도 거제시,245492,128819,116673,245008,128574,116434,244154,128130,116024,243902,127950,115952,243484,127683,115801,243200,127510,115690,242852,127340,115512,242555,127156,115399,242103,126877,115226,241879,126734,115145,241576,126496,115080,241216,126291,114925,34.88091089,128.6218113
경상남도 양산시,352421,176705,175716,352682,176863,175819,352830,176987,175843,353291,177200,176091,353415,177197,176218,353686,177308,176378,353981,177443,176538,353798,177367,176431,353662,177286,176376,353783,177336,176447,354071,177478,176593,354726,177759,176967,35.33501899,129.0376034
경상남도 의령군,26778,13146,13632,26757,13141,13616,26669,13111,13558,26624,13069,13555,26627,13089,13538,26526,13035,13491,26530,13055,13475,26475,13039,13436,26381,13001,13380,26370,12992,13378,26330,12979,13351,26322,12966,13356,35.32219253,128.2617007
경상남도 함안군,64036,32487,31549,63879,32425,31454,63694,32325,31369,63573,32279,31294,63267,32137,31130,63157,32088,31069,63127,32100,31027,63039,32084,30955,62879,32003,30876,62788,31954,30834,62663,31882,30781,62547,31816,30731,35.2724085,128.406507
경상남도 창녕군,61305,30468,30837,61286,30473,30813,61072,30399,30673,60951,30349,30602,60972,30363,30609,60754,30247,30507,60592,30156,30436,60389,30044,30345,60100,29926,30174,60102,29925,30177,60147,29942,30205,60129,29948,30181,35.54461845,128.4922353
경상남도 고성군,51372,25763,25609,51283,25707,25576,51035,25621,25414,51009,25603,25406,50987,25578,25409,50933,25551,25382,50894,25537,25357,50803,25509,25294,50732,25444,25288,50634,25379,25255,50558,25327,25231,50478,25297,25181,34.97308291,128.3224483
경상남도 남해군,42855,20661,22194,42794,20634,22160,42709,20599,22110,42688,20629,22059,42690,20649,22041,42650,20633,22017,42572,20597,21975,42538,20581,21957,42404,20497,21907,42372,20491,21881,42309,20471,21838,42266,20450,21816,34.83768596,127.8925293
경상남도 하동군,44673,22299,22374,44494,22217,22277,44388,22166,22222,44326,22133,22193,44223,22080,22143,44065,22015,22050,43974,21976,21998,43896,21927,21969,43650,21785,21865,43572,21741,21831,43530,21732,21798,43449,21696,21753,35.06734434,127.7513032
경상남도 산청군,34809,17085,17724,34788,17082,17706,34686,17058,17628,34668,17048,17620,34641,17016,17625,34587,16992,17595,34557,16975,17582,34530,16967,17563,34442,16939,17503,34416,16935,17481,34394,16923,17471,34360,16931,17429,35.41510337,127.8738913
경상남도 함양군,39013,18809,20204,39044,18827,20217,39014,18820,20194,39008,18824,20184,38860,18778,20082,38793,18746,20047,38736,18737,19999,38665,18706,19959,38567,18647,19920,38475,18608,19867,38415,18592,19823,38310,18531,19779,35.52053795,127.7251843
경상남도 거창군,61474,30058,31416,61564,30100,31464,61860,30326,31534,61877,30361,31516,61646,30255,31391,61555,30214,31341,61478,30169,31309,61399,30116,31283,61245,30018,31227,61242,30050,31192,61143,29992,31151,61073,29955,31118,35.68666343,127.9094852
경상남도 합천군,43871,21137,22734,43803,21091,22712,43635,21072,22563,43617,21075,22542,43568,21068,22500,43465,21024,22441,43380,20991,22389,43228,20914,22314,43054,20814,22240,43029,20818,22211,43007,20817,22190,42935,20765,22170,35.56668331,128.1658663
제주특별자치도 제주시,492346,246474,245872,492653,246518,246135,491843,246203,245640,492168,246287,245881,492383,246373,246010,492627,246476,246151,492917,246568,246349,492868,246576,246292,492927,246557,246370,493225,246694,246531,493220,246637,246583,493096,246494,246602,33.49958268,126.5312361
제주특별자치도 서귀포시,182269,92079,90190,182484,92155,90329,182131,92003,90128,182316,92135,90181,182494,92193,90301,182666,92290,90376,182959,92410,90549,183015,92386,90629,183152,92418,90734,183344,92501,90843,183548,92619,90929,183663,92683,90980,33.25531026,126.5349109
